-- KeyframeSequence Export: KeyframeSequence
-- Generated on 2026-04-07 01:27:23
-- Reverted from: butcher vanity.anim

local KeyframeSequence = Instance.new("KeyframeSequence")
KeyframeSequence.Name = "Imported Animation Clip"
local cf=CFrame.new

-- Keyframe 1 (Time: 0)
local keyframe1 = Instance.new("Keyframe")
keyframe1.Time = 0
keyframe1.Parent = KeyframeSequence

--HumanoidRootPart
local HumanoidRootPart_k1_HumanoidRootPart = Instance.new("Pose")
HumanoidRootPart_k1_HumanoidRootPart.Name = "HumanoidRootPart"
HumanoidRootPart_k1_HumanoidRootPart.CFrame = cf(0.000000, 0.000000, 0.000000, 1.000000, 0.000000, 0.000000, 0.000000, 1.000000, 0.000000, 0.000000, 0.000000, 1.000000)
HumanoidRootPart_k1_HumanoidRootPart.Parent = keyframe1


--Torso
local Torso_k1_HumanoidRootPart_Torso = Instance.new("Pose")
Torso_k1_HumanoidRootPart_Torso.Name = "Torso"
Torso_k1_HumanoidRootPart_Torso.CFrame = cf(-0.037099, 0.142947, -0.142819, 0.989294, -0.138790, -0.045102, 0.144583, 0.974113, 0.173784, 0.019815, -0.178444, 0.983751)
Torso_k1_HumanoidRootPart_Torso.Parent = HumanoidRootPart_k1_HumanoidRootPart


--Left Leg
local Left_Leg_k1_HumanoidRootPart_Torso_Replace = Instance.new("Pose")
Left_Leg_k1_HumanoidRootPart_Torso_Replace.Name = "Left Leg"
Left_Leg_k1_HumanoidRootPart_Torso_Replace.CFrame = cf(-0.384028, 0.044463, 0.047127, 0.926148, -0.355231, 0.126732, 0.344187, 0.933437, 0.101145, -0.154226, -0.050055, 0.986767)
Left_Leg_k1_HumanoidRootPart_Torso_Replace.Parent = Torso_k1_HumanoidRootPart_Torso


--Right Arm
local Right_Arm_k1_HumanoidRootPart_Torso_Replace = Instance.new("Pose")
Right_Arm_k1_HumanoidRootPart_Torso_Replace.Name = "Right Arm"
Right_Arm_k1_HumanoidRootPart_Torso_Replace.CFrame = cf(0.055322, -0.154321, -0.122558, 0.321992, 0.201367, -0.925080, -0.065535, 0.979516, 0.190406, 0.944472, -0.000684, 0.328593)
Right_Arm_k1_HumanoidRootPart_Torso_Replace.Parent = Torso_k1_HumanoidRootPart_Torso


--Right Leg
local Right_Leg_k1_HumanoidRootPart_Torso_Replace = Instance.new("Pose")
Right_Leg_k1_HumanoidRootPart_Torso_Replace.Name = "Right Leg"
Right_Leg_k1_HumanoidRootPart_Torso_Replace.CFrame = cf(0.179127, 0.094843, 0.166443, 0.751321, 0.443410, -0.488778, -0.383160, 0.896117, 0.223970, 0.537312, 0.019007, 0.843169)
Right_Leg_k1_HumanoidRootPart_Torso_Replace.Parent = Torso_k1_HumanoidRootPart_Torso


--Head
local Head_k1_HumanoidRootPart_Torso_Head = Instance.new("Pose")
Head_k1_HumanoidRootPart_Torso_Head.Name = "Head"
Head_k1_HumanoidRootPart_Torso_Head.CFrame = cf(0.000000, 0.000000, 0.016662, 0.982365, 0.125610, -0.138497, -0.150823, 0.970144, -0.189927, 0.110506, 0.207466, 0.971981)
Head_k1_HumanoidRootPart_Torso_Head.Parent = Torso_k1_HumanoidRootPart_Torso


--Left Arm
local Left_Arm_k1_HumanoidRootPart_Torso_Replace = Instance.new("Pose")
Left_Arm_k1_HumanoidRootPart_Torso_Replace.Name = "Left Arm"
Left_Arm_k1_HumanoidRootPart_Torso_Replace.CFrame = cf(-0.305545, -0.561437, -0.160143, -0.613950, 0.437641, 0.656914, -0.740079, -0.608560, -0.286248, 0.274498, -0.661910, 0.697514)
Left_Arm_k1_HumanoidRootPart_Torso_Replace.Parent = Torso_k1_HumanoidRootPart_Torso


--Platter
local Platter_k1_Platter = Instance.new("Pose")
Platter_k1_Platter.Name = "Platter"
Platter_k1_Platter.CFrame = cf(-0.279383, -0.347870, -0.247512, 0.954818, 0.013662, -0.296875, -0.213685, 0.725818, -0.653856, 0.206544, 0.687751, 0.695944)
Platter_k1_Platter.Parent = keyframe1


--Knife
local Knife_k1_Knife = Instance.new("Pose")
Knife_k1_Knife.Name = "Knife"
Knife_k1_Knife.CFrame = cf(0.002907, -0.590496, -0.172699, 0.944418, -0.274674, -0.180634, 0.133205, 0.822064, -0.553594, 0.300550, 0.498763, 0.812960)
Knife_k1_Knife.Parent = keyframe1


-- Keyframe 2 (Time: 0.03333333507180214)
 keyframe2 = Instance.new("Keyframe")
keyframe2.Time = 0.03333333507180214
keyframe2.Parent = KeyframeSequence

--HumanoidRootPart
 HumanoidRootPart_k2_HumanoidRootPart = Instance.new("Pose")
HumanoidRootPart_k2_HumanoidRootPart.Name = "HumanoidRootPart"
HumanoidRootPart_k2_HumanoidRootPart.CFrame = cf(0.000000, 0.000000, 0.000000, 1.000000, 0.000000, 0.000000, 0.000000, 1.000000, 0.000000, 0.000000, 0.000000, 1.000000)
HumanoidRootPart_k2_HumanoidRootPart.Parent = keyframe2


--Torso
 Torso_k2_HumanoidRootPart_Torso = Instance.new("Pose")
Torso_k2_HumanoidRootPart_Torso.Name = "Torso"
Torso_k2_HumanoidRootPart_Torso.CFrame = cf(-0.055484, 0.141105, -0.135210, 0.989825, -0.125279, -0.067467, 0.135203, 0.975855, 0.171544, 0.044348, -0.178920, 0.982864)
Torso_k2_HumanoidRootPart_Torso.Parent = HumanoidRootPart_k2_HumanoidRootPart


--Left Leg
 Left_Leg_k2_HumanoidRootPart_Torso_Replace = Instance.new("Pose")
Left_Leg_k2_HumanoidRootPart_Torso_Replace.Name = "Left Leg"
Left_Leg_k2_HumanoidRootPart_Torso_Replace.CFrame = cf(-0.329341, 0.025782, 0.047276, 0.931162, -0.336338, 0.140763, 0.328483, 0.941411, 0.076448, -0.158228, -0.024947, 0.987087)
Left_Leg_k2_HumanoidRootPart_Torso_Replace.Parent = Torso_k2_HumanoidRootPart_Torso


--Right Arm
 Right_Arm_k2_HumanoidRootPart_Torso_Replace = Instance.new("Pose")
Right_Arm_k2_HumanoidRootPart_Torso_Replace.Name = "Right Arm"
Right_Arm_k2_HumanoidRootPart_Torso_Replace.CFrame = cf(0.050921, -0.154604, -0.122283, 0.326106, 0.267245, -0.906772, 0.003604, 0.958850, 0.283890, 0.945326, -0.095846, 0.311724)
Right_Arm_k2_HumanoidRootPart_Torso_Replace.Parent = Torso_k2_HumanoidRootPart_Torso


--Right Leg
 Right_Leg_k2_HumanoidRootPart_Torso_Replace = Instance.new("Pose")
Right_Leg_k2_HumanoidRootPart_Torso_Replace.Name = "Right Leg"
Right_Leg_k2_HumanoidRootPart_Torso_Replace.CFrame = cf(0.195117, 0.112417, 0.164339, 0.758001, 0.445130, -0.476752, -0.372069, 0.895431, 0.244476, 0.535723, -0.007929, 0.844357)
Right_Leg_k2_HumanoidRootPart_Torso_Replace.Parent = Torso_k2_HumanoidRootPart_Torso


--Head
 Head_k2_HumanoidRootPart_Torso_Head = Instance.new("Pose")
Head_k2_HumanoidRootPart_Torso_Head.Name = "Head"
Head_k2_HumanoidRootPart_Torso_Head.CFrame = cf(0.000000, 0.000000, 0.016662, 0.986160, 0.116619, -0.117849, -0.138477, 0.970235, -0.198668, 0.091173, 0.212238, 0.972956)
Head_k2_HumanoidRootPart_Torso_Head.Parent = Torso_k2_HumanoidRootPart_Torso


--Left Arm
 Left_Arm_k2_HumanoidRootPart_Torso_Replace = Instance.new("Pose")
Left_Arm_k2_HumanoidRootPart_Torso_Replace.Name = "Left Arm"
Left_Arm_k2_HumanoidRootPart_Torso_Replace.CFrame = cf(-0.300301, -0.560212, -0.156317, -0.574079, 0.484918, 0.659763, -0.780531, -0.567555, -0.262017, 0.247396, -0.665384, 0.704315)
Left_Arm_k2_HumanoidRootPart_Torso_Replace.Parent = Torso_k2_HumanoidRootPart_Torso


--Platter
 Platter_k2_Platter = Instance.new("Pose")
Platter_k2_Platter.Name = "Platter"
Platter_k2_Platter.CFrame = cf(-0.297473, -0.347113, -0.247177, 0.957169, 0.014951, -0.289143, -0.207393, 0.732254, -0.648684, 0.202028, 0.680867, 0.703992)
Platter_k2_Platter.Parent = keyframe2


--Knife
 Knife_k2_Knife = Instance.new("Pose")
Knife_k2_Knife.Name = "Knife"
Knife_k2_Knife.CFrame = cf(0.023278, -0.668741, -0.279398, 0.947237, -0.284963, -0.146761, 0.117554, 0.734801, -0.668018, 0.298201, 0.615519, 0.729530)
Knife_k2_Knife.Parent = keyframe2


-- Keyframe 3 (Time: 0.06666667014360428)
 keyframe3 = Instance.new("Keyframe")
keyframe3.Time = 0.06666667014360428
keyframe3.Parent = KeyframeSequence

--HumanoidRootPart
 HumanoidRootPart_k3_HumanoidRootPart = Instance.new("Pose")
HumanoidRootPart_k3_HumanoidRootPart.Name = "HumanoidRootPart"
HumanoidRootPart_k3_HumanoidRootPart.CFrame = cf(0.000000, 0.000000, 0.000000, 1.000000, 0.000000, 0.000000, 0.000000, 1.000000, 0.000000, 0.000000, 0.000000, 1.000000)
HumanoidRootPart_k3_HumanoidRootPart.Parent = keyframe3


--Torso
 Torso_k3_HumanoidRootPart_Torso = Instance.new("Pose")
Torso_k3_HumanoidRootPart_Torso.Name = "Torso"
Torso_k3_HumanoidRootPart_Torso.CFrame = cf(-0.069597, 0.136713, -0.128020, 0.992218, -0.091265, -0.084701, 0.104380, 0.980551, 0.166204, 0.067885, -0.173752, 0.982447)
Torso_k3_HumanoidRootPart_Torso.Parent = HumanoidRootPart_k3_HumanoidRootPart


--Left Leg
 Left_Leg_k3_HumanoidRootPart_Torso_Replace = Instance.new("Pose")
Left_Leg_k3_HumanoidRootPart_Torso_Replace.Name = "Left Leg"
Left_Leg_k3_HumanoidRootPart_Torso_Replace.CFrame = cf(-0.261237, 0.011538, 0.049742, 0.931986, -0.317342, 0.175205, 0.312034, 0.948311, 0.057808, -0.184494, 0.000794, 0.982833)
Left_Leg_k3_HumanoidRootPart_Torso_Replace.Parent = Torso_k3_HumanoidRootPart_Torso


--Right Arm
 Right_Arm_k3_HumanoidRootPart_Torso_Replace = Instance.new("Pose")
Right_Arm_k3_HumanoidRootPart_Torso_Replace.Name = "Right Arm"
Right_Arm_k3_HumanoidRootPart_Torso_Replace.CFrame = cf(0.008307, -0.152102, -0.113100, 0.324672, 0.309669, -0.893696, 0.053038, 0.937436, 0.344093, 0.944338, -0.159118, 0.287935)
Right_Arm_k3_HumanoidRootPart_Torso_Replace.Parent = Torso_k3_HumanoidRootPart_Torso


--Right Leg
 Right_Leg_k3_HumanoidRootPart_Torso_Replace = Instance.new("Pose")
Right_Leg_k3_HumanoidRootPart_Torso_Replace.Name = "Right Leg"
Right_Leg_k3_HumanoidRootPart_Torso_Replace.CFrame = cf(0.226108, 0.129335, 0.157539, 0.779379, 0.437276, -0.448728, -0.356567, 0.898451, 0.256215, 0.515197, -0.039687, 0.856152)
Right_Leg_k3_HumanoidRootPart_Torso_Replace.Parent = Torso_k3_HumanoidRootPart_Torso


--Head
 Head_k3_HumanoidRootPart_Torso_Head = Instance.new("Pose")
Head_k3_HumanoidRootPart_Torso_Head.Name = "Head"
Head_k3_HumanoidRootPart_Torso_Head.CFrame = cf(0.000000, 0.000000, 0.016662, 0.991541, 0.086487, -0.096779, -0.104781, 0.973428, -0.203614, 0.076598, 0.212033, 0.974256)
Head_k3_HumanoidRootPart_Torso_Head.Parent = Torso_k3_HumanoidRootPart_Torso


--Left Arm
 Left_Arm_k3_HumanoidRootPart_Torso_Replace = Instance.new("Pose")
Left_Arm_k3_HumanoidRootPart_Torso_Replace.Name = "Left Arm"
Left_Arm_k3_HumanoidRootPart_Torso_Replace.CFrame = cf(-0.290973, -0.559267, -0.147626, -0.538157, 0.524917, 0.659431, -0.811020, -0.535469, -0.235626, 0.229421, -0.661616, 0.713884)
Left_Arm_k3_HumanoidRootPart_Torso_Replace.Parent = Torso_k3_HumanoidRootPart_Torso


--Platter
 Platter_k3_Platter = Instance.new("Pose")
Platter_k3_Platter.Name = "Platter"
Platter_k3_Platter.CFrame = cf(-0.313304, -0.344944, -0.246207, 0.963183, 0.018056, -0.268241, -0.190650, 0.749352, -0.634133, 0.189557, 0.661926, 0.725205)
Platter_k3_Platter.Parent = keyframe3


--Knife
 Knife_k3_Knife = Instance.new("Pose")
Knife_k3_Knife.Name = "Knife"
Knife_k3_Knife.CFrame = cf(0.069746, -0.727539, -0.365030, 0.955349, -0.279378, -0.096213, 0.117291, 0.657420, -0.744340, 0.271204, 0.699819, 0.660834)
Knife_k3_Knife.Parent = keyframe3


-- Keyframe 4 (Time: 0.10000000149011612)
 keyframe4 = Instance.new("Keyframe")
keyframe4.Time = 0.10000000149011612
keyframe4.Parent = KeyframeSequence

--HumanoidRootPart
 HumanoidRootPart_k4_HumanoidRootPart = Instance.new("Pose")
HumanoidRootPart_k4_HumanoidRootPart.Name = "HumanoidRootPart"
HumanoidRootPart_k4_HumanoidRootPart.CFrame = cf(0.000000, 0.000000, 0.000000, 1.000000, 0.000000, 0.000000, 0.000000, 1.000000, 0.000000, 0.000000, 0.000000, 1.000000)
HumanoidRootPart_k4_HumanoidRootPart.Parent = keyframe4


--Torso
 Torso_k4_HumanoidRootPart_Torso = Instance.new("Pose")
Torso_k4_HumanoidRootPart_Torso.Name = "Torso"
Torso_k4_HumanoidRootPart_Torso.CFrame = cf(-0.079220, 0.125376, -0.120539, 0.994033, -0.050737, -0.096558, 0.065141, 0.986166, 0.152421, 0.087489, -0.157802, 0.983587)
Torso_k4_HumanoidRootPart_Torso.Parent = HumanoidRootPart_k4_HumanoidRootPart


--Left Leg
 Left_Leg_k4_HumanoidRootPart_Torso_Replace = Instance.new("Pose")
Left_Leg_k4_HumanoidRootPart_Torso_Replace.Name = "Left Leg"
Left_Leg_k4_HumanoidRootPart_Torso_Replace.CFrame = cf(-0.191895, 0.003706, 0.049671, 0.931937, -0.290646, 0.216836, 0.288280, 0.956572, 0.043189, -0.219972, 0.022260, 0.975252)
Left_Leg_k4_HumanoidRootPart_Torso_Replace.Parent = Torso_k4_HumanoidRootPart_Torso


--Right Arm
 Right_Arm_k4_HumanoidRootPart_Torso_Replace = Instance.new("Pose")
Right_Arm_k4_HumanoidRootPart_Torso_Replace.Name = "Right Arm"
Right_Arm_k4_HumanoidRootPart_Torso_Replace.CFrame = cf(-0.027639, -0.145292, -0.093717, 0.315728, 0.330624, -0.889384, 0.089126, 0.922851, 0.374704, 0.944655, -0.197572, 0.261902)
Right_Arm_k4_HumanoidRootPart_Torso_Replace.Parent = Torso_k4_HumanoidRootPart_Torso


--Right Leg
 Right_Leg_k4_HumanoidRootPart_Torso_Replace = Instance.new("Pose")
Right_Leg_k4_HumanoidRootPart_Torso_Replace.Name = "Right Leg"
Right_Leg_k4_HumanoidRootPart_Torso_Replace.CFrame = cf(0.258695, 0.146283, 0.146702, 0.808503, 0.415541, -0.416711, -0.332870, 0.906856, 0.258476, 0.485305, -0.070268, 0.871517)
Right_Leg_k4_HumanoidRootPart_Torso_Replace.Parent = Torso_k4_HumanoidRootPart_Torso


--Head
 Head_k4_HumanoidRootPart_Torso_Head = Instance.new("Pose")
Head_k4_HumanoidRootPart_Torso_Head.Name = "Head"
Head_k4_HumanoidRootPart_Torso_Head.CFrame = cf(0.000000, 0.000000, 0.016662, 0.995777, 0.048015, -0.078252, -0.062696, 0.978284, -0.197561, 0.067067, 0.201633, 0.977162)
Head_k4_HumanoidRootPart_Torso_Head.Parent = Torso_k4_HumanoidRootPart_Torso


--Left Arm
 Left_Arm_k4_HumanoidRootPart_Torso_Replace = Instance.new("Pose")
Left_Arm_k4_HumanoidRootPart_Torso_Replace.Name = "Left Arm"
Left_Arm_k4_HumanoidRootPart_Torso_Replace.CFrame = cf(-0.279685, -0.558626, -0.136416, -0.507877, 0.558211, 0.656096, -0.832637, -0.513376, -0.207752, 0.220854, -0.651802, 0.725519)
Left_Arm_k4_HumanoidRootPart_Torso_Replace.Parent = Torso_k4_HumanoidRootPart_Torso


--Platter
 Platter_k4_Platter = Instance.new("Pose")
Platter_k4_Platter.Name = "Platter"
Platter_k4_Platter.CFrame = cf(-0.327028, -0.341512, -0.244655, 0.971132, 0.021614, -0.237562, -0.166769, 0.773586, -0.611353, 0.170561, 0.633322, 0.754859)
Platter_k4_Platter.Parent = keyframe4


--Knife
 Knife_k4_Knife = Instance.new("Pose")
Knife_k4_Knife.Name = "Knife"
Knife_k4_Knife.CFrame = cf(0.133431, -0.769671, -0.431704, 0.964674, -0.260834, -0.037013, 0.130791, 0.596131, -0.792163, 0.228688, 0.759338, 0.609187)
Knife_k4_Knife.Parent = keyframe4


-- Keyframe 5 (Time: 0.13333334028720856)
 keyframe5 = Instance.new("Keyframe")
keyframe5.Time = 0.13333334028720856
keyframe5.Parent = KeyframeSequence

--HumanoidRootPart
 HumanoidRootPart_k5_HumanoidRootPart = Instance.new("Pose")
HumanoidRootPart_k5_HumanoidRootPart.Name = "HumanoidRootPart"
HumanoidRootPart_k5_HumanoidRootPart.CFrame = cf(0.000000, 0.000000, 0.000000, 1.000000, 0.000000, 0.000000, 0.000000, 1.000000, 0.000000, 0.000000, 0.000000, 1.000000)
HumanoidRootPart_k5_HumanoidRootPart.Parent = keyframe5


--Torso
 Torso_k5_HumanoidRootPart_Torso = Instance.new("Pose")
Torso_k5_HumanoidRootPart_Torso.Name = "Torso"
Torso_k5_HumanoidRootPart_Torso.CFrame = cf(-0.085143, 0.102268, -0.112525, 0.994333, -0.022012, -0.104008, 0.034957, 0.991625, 0.124329, 0.100400, -0.127260, 0.986775)
Torso_k5_HumanoidRootPart_Torso.Parent = HumanoidRootPart_k5_HumanoidRootPart


--Left Leg
 Left_Leg_k5_HumanoidRootPart_Torso_Replace = Instance.new("Pose")
Left_Leg_k5_HumanoidRootPart_Torso_Replace.Name = "Left Leg"
Left_Leg_k5_HumanoidRootPart_Torso_Replace.CFrame = cf(-0.137618, 0.001844, 0.045927, 0.935904, -0.249557, 0.248606, 0.250433, 0.967710, 0.028631, -0.247724, 0.035464, 0.968181)
Left_Leg_k5_HumanoidRootPart_Torso_Replace.Parent = Torso_k5_HumanoidRootPart_Torso


--Right Arm
 Right_Arm_k5_HumanoidRootPart_Torso_Replace = Instance.new("Pose")
Right_Arm_k5_HumanoidRootPart_Torso_Replace.Name = "Right Arm"
Right_Arm_k5_HumanoidRootPart_Torso_Replace.CFrame = cf(-0.043562, -0.132956, -0.063869, 0.300462, 0.333864, -0.893452, 0.122364, 0.915502, 0.383254, 0.945912, -0.224480, 0.234220)
Right_Arm_k5_HumanoidRootPart_Torso_Replace.Parent = Torso_k5_HumanoidRootPart_Torso


--Right Leg
 Right_Leg_k5_HumanoidRootPart_Torso_Replace = Instance.new("Pose")
Right_Leg_k5_HumanoidRootPart_Torso_Replace.Name = "Right Leg"
Right_Leg_k5_HumanoidRootPart_Torso_Replace.CFrame = cf(0.277624, 0.163894, 0.136576, 0.836181, 0.378580, -0.396835, -0.297661, 0.920976, 0.251400, 0.460651, -0.092094, 0.882791)
Right_Leg_k5_HumanoidRootPart_Torso_Replace.Parent = Torso_k5_HumanoidRootPart_Torso


--Head
 Head_k5_HumanoidRootPart_Torso_Head = Instance.new("Pose")
Head_k5_HumanoidRootPart_Torso_Head.Name = "Head"
Head_k5_HumanoidRootPart_Torso_Head.CFrame = cf(0.000000, -0.000000, 0.016662, 0.997662, 0.018405, -0.065818, -0.029636, 0.984305, -0.173970, 0.061583, 0.175513, 0.982549)
Head_k5_HumanoidRootPart_Torso_Head.Parent = Torso_k5_HumanoidRootPart_Torso


--Left Arm
 Left_Arm_k5_HumanoidRootPart_Torso_Replace = Instance.new("Pose")
Left_Arm_k5_HumanoidRootPart_Torso_Replace.Name = "Left Arm"
Left_Arm_k5_HumanoidRootPart_Torso_Replace.CFrame = cf(-0.267342, -0.558268, -0.123725, -0.484113, 0.585490, 0.650258, -0.846711, -0.500913, -0.179350, 0.220715, -0.637406, 0.738240)
Left_Arm_k5_HumanoidRootPart_Torso_Replace.Parent = Torso_k5_HumanoidRootPart_Torso


--Platter
 Platter_k5_Platter = Instance.new("Pose")
Platter_k5_Platter.Name = "Platter"
Platter_k5_Platter.CFrame = cf(-0.338795, -0.336969, -0.242575, 0.979357, 0.024351, -0.200668, -0.139122, 0.801394, -0.581733, 0.146649, 0.597641, 0.788238)
Platter_k5_Platter.Parent = keyframe5


--Knife
 Knife_k5_Knife = Instance.new("Pose")
Knife_k5_Knife.Name = "Knife"
Knife_k5_Knife.CFrame = cf(0.205452, -0.797913, -0.481528, 0.971902, -0.234127, 0.024300, 0.153609, 0.552638, -0.819143, 0.178354, 0.799860, 0.573074)
Knife_k5_Knife.Parent = keyframe5


-- Keyframe 6 (Time: 0.1666666716337204)
 keyframe6 = Instance.new("Keyframe")
keyframe6.Time = 0.1666666716337204
keyframe6.Parent = KeyframeSequence

--HumanoidRootPart
 HumanoidRootPart_k6_HumanoidRootPart = Instance.new("Pose")
HumanoidRootPart_k6_HumanoidRootPart.Name = "HumanoidRootPart"
HumanoidRootPart_k6_HumanoidRootPart.CFrame = cf(0.000000, 0.000000, 0.000000, 1.000000, 0.000000, 0.000000, 0.000000, 1.000000, 0.000000, 0.000000, 0.000000, 1.000000)
HumanoidRootPart_k6_HumanoidRootPart.Parent = keyframe6


--Torso
 Torso_k6_HumanoidRootPart_Torso = Instance.new("Pose")
Torso_k6_HumanoidRootPart_Torso.Name = "Torso"
Torso_k6_HumanoidRootPart_Torso.CFrame = cf(-0.087992, 0.065338, -0.104900, 0.994147, -0.006954, -0.107816, 0.015587, 0.996718, 0.079433, 0.106910, -0.080648, 0.990992)
Torso_k6_HumanoidRootPart_Torso.Parent = HumanoidRootPart_k6_HumanoidRootPart


--Left Leg
 Left_Leg_k6_HumanoidRootPart_Torso_Replace = Instance.new("Pose")
Left_Leg_k6_HumanoidRootPart_Torso_Replace.Name = "Left Leg"
Left_Leg_k6_HumanoidRootPart_Torso_Replace.CFrame = cf(-0.101980, 0.003779, 0.041710, 0.943592, -0.193237, 0.268875, 0.197283, 0.980271, 0.012163, -0.265921, 0.041568, 0.963098)
Left_Leg_k6_HumanoidRootPart_Torso_Replace.Parent = Torso_k6_HumanoidRootPart_Torso


--Right Arm
 Right_Arm_k6_HumanoidRootPart_Torso_Replace = Instance.new("Pose")
Right_Arm_k6_HumanoidRootPart_Torso_Replace.Name = "Right Arm"
Right_Arm_k6_HumanoidRootPart_Torso_Replace.CFrame = cf(-0.052524, -0.114649, -0.024922, 0.282610, 0.325608, -0.902281, 0.166269, 0.909759, 0.380385, 0.944715, -0.257522, 0.202968)
Right_Arm_k6_HumanoidRootPart_Torso_Replace.Parent = Torso_k6_HumanoidRootPart_Torso


--Right Leg
 Right_Leg_k6_HumanoidRootPart_Torso_Replace = Instance.new("Pose")
Right_Leg_k6_HumanoidRootPart_Torso_Replace.Name = "Right Leg"
Right_Leg_k6_HumanoidRootPart_Torso_Replace.CFrame = cf(0.281566, 0.182700, 0.129003, 0.861139, 0.325183, -0.390763, -0.248481, 0.939821, 0.234508, 0.443505, -0.104846, 0.890118)
Right_Leg_k6_HumanoidRootPart_Torso_Replace.Parent = Torso_k6_HumanoidRootPart_Torso


--Head
 Head_k6_HumanoidRootPart_Torso_Head = Instance.new("Pose")
Head_k6_HumanoidRootPart_Torso_Head.Name = "Head"
Head_k6_HumanoidRootPart_Torso_Head.CFrame = cf(0.000000, -0.000000, 0.016662, 0.998221, -0.000673, -0.059612, -0.007184, 0.991292, -0.131483, 0.059181, 0.131677, 0.989524)
Head_k6_HumanoidRootPart_Torso_Head.Parent = Torso_k6_HumanoidRootPart_Torso


--Left Arm
 Left_Arm_k6_HumanoidRootPart_Torso_Replace = Instance.new("Pose")
Left_Arm_k6_HumanoidRootPart_Torso_Replace.Name = "Left Arm"
Left_Arm_k6_HumanoidRootPart_Torso_Replace.CFrame = cf(-0.254422, -0.558116, -0.110148, -0.466619, 0.607591, 0.642728, -0.854923, -0.496073, -0.151718, 0.226657, -0.620278, 0.750921)
Left_Arm_k6_HumanoidRootPart_Torso_Replace.Parent = Torso_k6_HumanoidRootPart_Torso


--Platter
 Platter_k6_Platter = Instance.new("Pose")
Platter_k6_Platter.Name = "Platter"
Platter_k6_Platter.CFrame = cf(-0.348756, -0.331465, -0.240020, 0.986558, 0.025453, -0.161417, -0.110967, 0.829469, -0.547420, 0.119956, 0.557973, 0.821143)
Platter_k6_Platter.Parent = keyframe6


--Knife
 Knife_k6_Knife = Instance.new("Pose")
Knife_k6_Knife.Name = "Knife"
Knife_k6_Knife.CFrame = cf(0.276928, -0.815043, -0.516609, 0.975379, -0.204768, 0.081894, 0.180166, 0.525692, -0.831377, 0.127188, 0.825662, 0.549641)
Knife_k6_Knife.Parent = keyframe6


-- Keyframe 7 (Time: 0.20000000298023224)
 keyframe7 = Instance.new("Keyframe")
keyframe7.Time = 0.20000000298023224
keyframe7.Parent = KeyframeSequence

--HumanoidRootPart
 HumanoidRootPart_k7_HumanoidRootPart = Instance.new("Pose")
HumanoidRootPart_k7_HumanoidRootPart.Name = "HumanoidRootPart"
HumanoidRootPart_k7_HumanoidRootPart.CFrame = cf(0.000000, 0.000000, 0.000000, 1.000000, 0.000000, 0.000000, 0.000000, 1.000000, 0.000000, 0.000000, 0.000000, 1.000000)
HumanoidRootPart_k7_HumanoidRootPart.Parent = keyframe7


--Torso
 Torso_k7_HumanoidRootPart_Torso = Instance.new("Pose")
Torso_k7_HumanoidRootPart_Torso.Name = "Torso"
Torso_k7_HumanoidRootPart_Torso.CFrame = cf(-0.088429, 0.018077, -0.099622, 0.994058, 0.003631, -0.108793, -0.001247, 0.999758, 0.021977, 0.108846, -0.021710, 0.993822)
Torso_k7_HumanoidRootPart_Torso.Parent = HumanoidRootPart_k7_HumanoidRootPart


--Left Leg
 Left_Leg_k7_HumanoidRootPart_Torso_Replace = Instance.new("Pose")
Left_Leg_k7_HumanoidRootPart_Torso_Replace.Name = "Left Leg"
Left_Leg_k7_HumanoidRootPart_Torso_Replace.CFrame = cf(-0.078102, 0.007522, 0.039168, 0.949896, -0.127409, 0.285419, 0.134571, 0.990889, -0.005537, -0.282113, 0.043669, 0.958387)
Left_Leg_k7_HumanoidRootPart_Torso_Replace.Parent = Torso_k7_HumanoidRootPart_Torso


--Right Arm
 Right_Arm_k7_HumanoidRootPart_Torso_Replace = Instance.new("Pose")
Right_Arm_k7_HumanoidRootPart_Torso_Replace.Name = "Right Arm"
Right_Arm_k7_HumanoidRootPart_Torso_Replace.CFrame = cf(-0.057773, -0.090950, 0.020368, 0.266898, 0.314043, -0.911122, 0.234107, 0.895971, 0.377398, 0.934858, -0.314026, 0.165613)
Right_Arm_k7_HumanoidRootPart_Torso_Replace.Parent = Torso_k7_HumanoidRootPart_Torso


--Right Leg
 Right_Leg_k7_HumanoidRootPart_Torso_Replace = Instance.new("Pose")
Right_Leg_k7_HumanoidRootPart_Torso_Replace.Name = "Right Leg"
Right_Leg_k7_HumanoidRootPart_Torso_Replace.CFrame = cf(0.277335, 0.201898, 0.122242, 0.884633, 0.257112, -0.388996, -0.186961, 0.959826, 0.209235, 0.427166, -0.112369, 0.897164)
Right_Leg_k7_HumanoidRootPart_Torso_Replace.Parent = Torso_k7_HumanoidRootPart_Torso


--Head
 Head_k7_HumanoidRootPart_Torso_Head = Instance.new("Pose")
Head_k7_HumanoidRootPart_Torso_Head.Name = "Head"
Head_k7_HumanoidRootPart_Torso_Head.CFrame = cf(0.000000, -0.000000, 0.016662, 0.998188, -0.017421, -0.057599, 0.013024, 0.997033, -0.075861, 0.058749, 0.074974, 0.995453)
Head_k7_HumanoidRootPart_Torso_Head.Parent = Torso_k7_HumanoidRootPart_Torso


--Left Arm
 Left_Arm_k7_HumanoidRootPart_Torso_Replace = Instance.new("Pose")
Left_Arm_k7_HumanoidRootPart_Torso_Replace.Name = "Left Arm"
Left_Arm_k7_HumanoidRootPart_Torso_Replace.CFrame = cf(-0.241207, -0.558050, -0.096087, -0.454001, 0.625546, 0.634488, -0.859363, -0.495501, -0.126389, 0.235327, -0.602636, 0.762529)
Left_Arm_k7_HumanoidRootPart_Torso_Replace.Parent = Torso_k7_HumanoidRootPart_Torso


--Platter
 Platter_k7_Platter = Instance.new("Pose")
Platter_k7_Platter.Name = "Platter"
Platter_k7_Platter.CFrame = cf(-0.357060, -0.325152, -0.237044, 0.991987, 0.024787, -0.123883, -0.085244, 0.855041, -0.511505, 0.093246, 0.517967, 0.850303)
Platter_k7_Platter.Parent = keyframe7


--Knife
 Knife_k7_Knife = Instance.new("Pose")
Knife_k7_Knife.Name = "Knife"
Knife_k7_Knife.CFrame = cf(0.338977, -0.823839, -0.539058, 0.975349, -0.178205, 0.130142, 0.204865, 0.512100, -0.834136, 0.082001, 0.840236, 0.535985)
Knife_k7_Knife.Parent = keyframe7


-- Keyframe 8 (Time: 0.23333333432674408)
 keyframe8 = Instance.new("Keyframe")
keyframe8.Time = 0.23333333432674408
keyframe8.Parent = KeyframeSequence

--HumanoidRootPart
 HumanoidRootPart_k8_HumanoidRootPart = Instance.new("Pose")
HumanoidRootPart_k8_HumanoidRootPart.Name = "HumanoidRootPart"
HumanoidRootPart_k8_HumanoidRootPart.CFrame = cf(0.000000, 0.000000, 0.000000, 1.000000, 0.000000, 0.000000, 0.000000, 1.000000, 0.000000, 0.000000, 0.000000, 1.000000)
HumanoidRootPart_k8_HumanoidRootPart.Parent = keyframe8


--Torso
 Torso_k8_HumanoidRootPart_Torso = Instance.new("Pose")
Torso_k8_HumanoidRootPart_Torso.Name = "Torso"
Torso_k8_HumanoidRootPart_Torso.CFrame = cf(-0.083054, -0.034677, -0.097735, 0.994654, 0.009711, -0.102806, -0.014111, 0.999011, -0.042157, 0.102295, 0.043382, 0.993808)
Torso_k8_HumanoidRootPart_Torso.Parent = HumanoidRootPart_k8_HumanoidRootPart


--Left Leg
 Left_Leg_k8_HumanoidRootPart_Torso_Replace = Instance.new("Pose")
Left_Leg_k8_HumanoidRootPart_Torso_Replace.Name = "Left Leg"
Left_Leg_k8_HumanoidRootPart_Torso_Replace.CFrame = cf(-0.073863, 0.017130, 0.041270, 0.952816, -0.062410, 0.297063, 0.071124, 0.997294, -0.018607, -0.295098, 0.038857, 0.954677)
Left_Leg_k8_HumanoidRootPart_Torso_Replace.Parent = Torso_k8_HumanoidRootPart_Torso


--Right Arm
 Right_Arm_k8_HumanoidRootPart_Torso_Replace = Instance.new("Pose")
Right_Arm_k8_HumanoidRootPart_Torso_Replace.Name = "Right Arm"
Right_Arm_k8_HumanoidRootPart_Torso_Replace.CFrame = cf(-0.060490, -0.063244, 0.068937, 0.257862, 0.306897, -0.916145, 0.334273, 0.861317, 0.382617, 0.906515, -0.404904, 0.119514)
Right_Arm_k8_HumanoidRootPart_Torso_Replace.Parent = Torso_k8_HumanoidRootPart_Torso


--Right Leg
 Right_Leg_k8_HumanoidRootPart_Torso_Replace = Instance.new("Pose")
Right_Leg_k8_HumanoidRootPart_Torso_Replace.Name = "Right Leg"
Right_Leg_k8_HumanoidRootPart_Torso_Replace.CFrame = cf(0.261626, 0.214056, 0.116549, 0.903275, 0.178796, -0.390034, -0.118491, 0.977636, 0.173747, 0.412377, -0.110726, 0.904260)
Right_Leg_k8_HumanoidRootPart_Torso_Replace.Parent = Torso_k8_HumanoidRootPart_Torso


--Head
 Head_k8_HumanoidRootPart_Torso_Head = Instance.new("Pose")
Head_k8_HumanoidRootPart_Torso_Head.Name = "Head"
Head_k8_HumanoidRootPart_Torso_Head.CFrame = cf(0.000000, -0.000000, 0.016662, 0.997487, -0.030621, -0.063893, 0.029798, 0.999461, -0.013798, 0.064281, 0.011860, 0.997861)
Head_k8_HumanoidRootPart_Torso_Head.Parent = Torso_k8_HumanoidRootPart_Torso


--Left Arm
 Left_Arm_k8_HumanoidRootPart_Torso_Replace = Instance.new("Pose")
Left_Arm_k8_HumanoidRootPart_Torso_Replace.Name = "Left Arm"
Left_Arm_k8_HumanoidRootPart_Torso_Replace.CFrame = cf(-0.227875, -0.557934, -0.081842, -0.444105, 0.640556, 0.626465, -0.862342, -0.495357, -0.104821, 0.243180, -0.586778, 0.772370)
Left_Arm_k8_HumanoidRootPart_Torso_Replace.Parent = Torso_k8_HumanoidRootPart_Torso


--Platter
 Platter_k8_Platter = Instance.new("Pose")
Platter_k8_Platter.Name = "Platter"
Platter_k8_Platter.CFrame = cf(-0.363859, -0.318180, -0.233701, 0.995478, 0.022928, -0.092185, -0.064433, 0.876049, -0.477898, 0.069802, 0.481677, 0.873565)
Platter_k8_Platter.Parent = keyframe8


--Knife
 Knife_k8_Knife = Instance.new("Pose")
Knife_k8_Knife.Name = "Knife"
Knife_k8_Knife.CFrame = cf(0.382719, -0.827081, -0.550981, 0.973614, -0.159309, 0.163393, 0.222729, 0.507496, -0.832370, 0.049683, 0.846799, 0.529588)
Knife_k8_Knife.Parent = keyframe8


-- Keyframe 9 (Time: 0.2666666805744171)
 keyframe9 = Instance.new("Keyframe")
keyframe9.Time = 0.2666666805744171
keyframe9.Parent = KeyframeSequence

--HumanoidRootPart
 HumanoidRootPart_k9_HumanoidRootPart = Instance.new("Pose")
HumanoidRootPart_k9_HumanoidRootPart.Name = "HumanoidRootPart"
HumanoidRootPart_k9_HumanoidRootPart.CFrame = cf(0.000000, 0.000000, 0.000000, 1.000000, 0.000000, 0.000000, 0.000000, 1.000000, 0.000000, 0.000000, 0.000000, 1.000000)
HumanoidRootPart_k9_HumanoidRootPart.Parent = keyframe9


--Torso
 Torso_k9_HumanoidRootPart_Torso = Instance.new("Pose")
Torso_k9_HumanoidRootPart_Torso.Name = "Torso"
Torso_k9_HumanoidRootPart_Torso.CFrame = cf(-0.067786, -0.086689, -0.099134, 0.996310, 0.012606, -0.084900, -0.021560, 0.994197, -0.105389, 0.083079, 0.106831, 0.990800)
Torso_k9_HumanoidRootPart_Torso.Parent = HumanoidRootPart_k9_HumanoidRootPart


--Left Leg
 Left_Leg_k9_HumanoidRootPart_Torso_Replace = Instance.new("Pose")
Left_Leg_k9_HumanoidRootPart_Torso_Replace.Name = "Left Leg"
Left_Leg_k9_HumanoidRootPart_Torso_Replace.CFrame = cf(-0.093374, 0.039887, 0.049920, 0.952531, -0.009234, 0.304302, 0.015955, 0.999680, -0.019607, -0.304023, 0.023532, 0.952374)
Left_Leg_k9_HumanoidRootPart_Torso_Replace.Parent = Torso_k9_HumanoidRootPart_Torso


--Right Arm
 Right_Arm_k9_HumanoidRootPart_Torso_Replace = Instance.new("Pose")
Right_Arm_k9_HumanoidRootPart_Torso_Replace.Name = "Right Arm"
Right_Arm_k9_HumanoidRootPart_Torso_Replace.CFrame = cf(-0.061266, -0.033237, 0.118467, 0.259828, 0.308661, -0.914996, 0.465982, 0.789840, 0.398765, 0.845784, -0.529982, 0.061393)
Right_Arm_k9_HumanoidRootPart_Torso_Replace.Parent = Torso_k9_HumanoidRootPart_Torso


--Right Leg
 Right_Leg_k9_HumanoidRootPart_Torso_Replace = Instance.new("Pose")
Right_Leg_k9_HumanoidRootPart_Torso_Replace.Name = "Right Leg"
Right_Leg_k9_HumanoidRootPart_Torso_Replace.CFrame = cf(0.233032, 0.210019, 0.111730, 0.915052, 0.096689, -0.391575, -0.050612, 0.990693, 0.126354, 0.400148, -0.095802, 0.911429)
Right_Leg_k9_HumanoidRootPart_Torso_Replace.Parent = Torso_k9_HumanoidRootPart_Torso


--Head
 Head_k9_HumanoidRootPart_Torso_Head = Instance.new("Pose")
Head_k9_HumanoidRootPart_Torso_Head.Name = "Head"
Head_k9_HumanoidRootPart_Torso_Head.CFrame = cf(0.000000, 0.000000, 0.016662, 0.995796, -0.039105, -0.082833, 0.043039, 0.998002, 0.046249, 0.080859, -0.049620, 0.995490)
Head_k9_HumanoidRootPart_Torso_Head.Parent = Torso_k9_HumanoidRootPart_Torso


--Left Arm
 Left_Arm_k9_HumanoidRootPart_Torso_Replace = Instance.new("Pose")
Left_Arm_k9_HumanoidRootPart_Torso_Replace.Name = "Left Arm"
Left_Arm_k9_HumanoidRootPart_Torso_Replace.CFrame = cf(-0.214544, -0.557647, -0.067642, -0.434654, 0.653826, 0.619344, -0.865977, -0.492269, -0.088064, 0.247306, -0.574615, 0.780165)
Left_Arm_k9_HumanoidRootPart_Torso_Replace.Parent = Torso_k9_HumanoidRootPart_Torso


--Platter
 Platter_k9_Platter = Instance.new("Pose")
Platter_k9_Platter.Name = "Platter"
Platter_k9_Platter.CFrame = cf(-0.369304, -0.310699, -0.230045, 0.997303, 0.020989, -0.070323, -0.050555, 0.891093, -0.450997, 0.053198, 0.453336, 0.889751)
Platter_k9_Platter.Parent = keyframe9


--Knife
 Knife_k9_Knife = Instance.new("Pose")
Knife_k9_Knife.Name = "Knife"
Knife_k9_Knife.CFrame = cf(0.399274, -0.827544, -0.554486, 0.972585, -0.152202, 0.175822, 0.229537, 0.507033, -0.830801, 0.037301, 0.848382, 0.528069)
Knife_k9_Knife.Parent = keyframe9


-- Keyframe 10 (Time: 0.30000001192092896)
 keyframe10 = Instance.new("Keyframe")
keyframe10.Time = 0.30000001192092896
keyframe10.Parent = KeyframeSequence

--HumanoidRootPart
 HumanoidRootPart_k10_HumanoidRootPart = Instance.new("Pose")
HumanoidRootPart_k10_HumanoidRootPart.Name = "HumanoidRootPart"
HumanoidRootPart_k10_HumanoidRootPart.CFrame = cf(0.000000, 0.000000, 0.000000, 1.000000, 0.000000, 0.000000, 0.000000, 1.000000, 0.000000, 0.000000, 0.000000, 1.000000)
HumanoidRootPart_k10_HumanoidRootPart.Parent = keyframe10


--Torso
 Torso_k10_HumanoidRootPart_Torso = Instance.new("Pose")
Torso_k10_HumanoidRootPart_Torso.Name = "Torso"
Torso_k10_HumanoidRootPart_Torso.CFrame = cf(-0.047792, -0.130327, -0.103033, 0.998014, 0.014292, -0.061357, -0.023876, 0.987080, -0.158441, 0.058300, 0.159591, 0.985460)
Torso_k10_HumanoidRootPart_Torso.Parent = HumanoidRootPart_k10_HumanoidRootPart


--Left Leg
 Left_Leg_k10_HumanoidRootPart_Torso_Replace = Instance.new("Pose")
Left_Leg_k10_HumanoidRootPart_Torso_Replace.Name = "Left Leg"
Left_Leg_k10_HumanoidRootPart_Torso_Replace.CFrame = cf(-0.119234, 0.070905, 0.059643, 0.950635, 0.030591, 0.308800, -0.028248, 0.999528, -0.012056, -0.309023, 0.002738, 0.951051)
Left_Leg_k10_HumanoidRootPart_Torso_Replace.Parent = Torso_k10_HumanoidRootPart_Torso


--Right Arm
 Right_Arm_k10_HumanoidRootPart_Torso_Replace = Instance.new("Pose")
Right_Arm_k10_HumanoidRootPart_Torso_Replace.Name = "Right Arm"
Right_Arm_k10_HumanoidRootPart_Torso_Replace.CFrame = cf(-0.061705, 0.005564, 0.178108, 0.265448, 0.325349, -0.907571, 0.634542, 0.649765, 0.418522, 0.725874, -0.686988, -0.033969)
Right_Arm_k10_HumanoidRootPart_Torso_Replace.Parent = Torso_k10_HumanoidRootPart_Torso


--Right Leg
 Right_Leg_k10_HumanoidRootPart_Torso_Replace = Instance.new("Pose")
Right_Leg_k10_HumanoidRootPart_Torso_Replace.Name = "Right Leg"
Right_Leg_k10_HumanoidRootPart_Torso_Replace.CFrame = cf(0.200418, 0.193722, 0.106954, 0.919800, 0.023762, -0.391667, 0.007452, 0.996927, 0.077983, 0.392317, -0.074647, 0.916796)
Right_Leg_k10_HumanoidRootPart_Torso_Replace.Parent = Torso_k10_HumanoidRootPart_Torso


--Head
 Head_k10_HumanoidRootPart_Torso_Head = Instance.new("Pose")
Head_k10_HumanoidRootPart_Torso_Head.Name = "Head"
Head_k10_HumanoidRootPart_Torso_Head.CFrame = cf(0.000000, 0.000000, 0.016662, 0.993297, -0.042890, -0.107335, 0.053149, 0.994094, 0.094620, 0.102643, -0.099691, 0.989710)
Head_k10_HumanoidRootPart_Torso_Head.Parent = Torso_k10_HumanoidRootPart_Torso


--Left Arm
 Left_Arm_k10_HumanoidRootPart_Torso_Replace = Instance.new("Pose")
Left_Arm_k10_HumanoidRootPart_Torso_Replace.Name = "Left Arm"
Left_Arm_k10_HumanoidRootPart_Torso_Replace.CFrame = cf(-0.201304, -0.557108, -0.053654, -0.423756, 0.666341, 0.613530, -0.871781, -0.483869, -0.076607, 0.245822, -0.567327, 0.785947)
Left_Arm_k10_HumanoidRootPart_Torso_Replace.Parent = Torso_k10_HumanoidRootPart_Torso


--Platter
 Platter_k10_Platter = Instance.new("Pose")
Platter_k10_Platter.Name = "Platter"
Platter_k10_Platter.CFrame = cf(-0.373544, -0.302862, -0.226128, 0.997860, 0.020291, -0.062163, -0.045400, 0.899147, -0.435286, 0.047061, 0.437176, 0.898144)
Platter_k10_Platter.Parent = keyframe10


--Knife
 Knife_k10_Knife = Instance.new("Pose")
Knife_k10_Knife.Name = "Knife"
Knife_k10_Knife.CFrame = cf(0.385847, -0.781703, -0.523771, 0.974047, -0.150393, 0.169157, 0.224547, 0.548070, -0.805728, 0.028466, 0.822801, 0.567617)
Knife_k10_Knife.Parent = keyframe10


-- Keyframe 11 (Time: 0.3333333432674408)
 keyframe11 = Instance.new("Keyframe")
keyframe11.Time = 0.3333333432674408
keyframe11.Parent = KeyframeSequence

--HumanoidRootPart
 HumanoidRootPart_k11_HumanoidRootPart = Instance.new("Pose")
HumanoidRootPart_k11_HumanoidRootPart.Name = "HumanoidRootPart"
HumanoidRootPart_k11_HumanoidRootPart.CFrame = cf(0.000000, 0.000000, 0.000000, 1.000000, 0.000000, 0.000000, 0.000000, 1.000000, 0.000000, 0.000000, 0.000000, 1.000000)
HumanoidRootPart_k11_HumanoidRootPart.Parent = keyframe11


--Torso
 Torso_k11_HumanoidRootPart_Torso = Instance.new("Pose")
Torso_k11_HumanoidRootPart_Torso.Name = "Torso"
Torso_k11_HumanoidRootPart_Torso.CFrame = cf(-0.030570, -0.162219, -0.107817, 0.999026, 0.015504, -0.041300, -0.023362, 0.980082, -0.197212, 0.037420, 0.197985, 0.979491)
Torso_k11_HumanoidRootPart_Torso.Parent = HumanoidRootPart_k11_HumanoidRootPart


--Left Leg
 Left_Leg_k11_HumanoidRootPart_Torso_Replace = Instance.new("Pose")
Left_Leg_k11_HumanoidRootPart_Torso_Replace.Name = "Left Leg"
Left_Leg_k11_HumanoidRootPart_Torso_Replace.CFrame = cf(-0.138031, 0.098694, 0.066219, 0.948338, 0.059698, 0.311594, -0.061536, 0.998097, -0.003939, -0.311237, -0.015438, 0.950207)
Left_Leg_k11_HumanoidRootPart_Torso_Replace.Parent = Torso_k11_HumanoidRootPart_Torso


--Right Arm
 Right_Arm_k11_HumanoidRootPart_Torso_Replace = Instance.new("Pose")
Right_Arm_k11_HumanoidRootPart_Torso_Replace.Name = "Right Arm"
Right_Arm_k11_HumanoidRootPart_Torso_Replace.CFrame = cf(-0.063055, 0.059299, 0.257957, 0.264776, 0.356383, -0.896039, 0.814233, 0.415207, 0.405743, 0.516641, -0.837015, -0.180242)
Right_Arm_k11_HumanoidRootPart_Torso_Replace.Parent = Torso_k11_HumanoidRootPart_Torso


--Right Leg
 Right_Leg_k11_HumanoidRootPart_Torso_Replace = Instance.new("Pose")
Right_Leg_k11_HumanoidRootPart_Torso_Replace.Name = "Right Leg"
Right_Leg_k11_HumanoidRootPart_Torso_Replace.CFrame = cf(0.173194, 0.176097, 0.102318, 0.919997, -0.031366, -0.390667, 0.050991, 0.997899, 0.039962, 0.388593, -0.056685, 0.919664)
Right_Leg_k11_HumanoidRootPart_Torso_Replace.Parent = Torso_k11_HumanoidRootPart_Torso


--Head
 Head_k11_HumanoidRootPart_Torso_Head = Instance.new("Pose")
Head_k11_HumanoidRootPart_Torso_Head.Name = "Head"
Head_k11_HumanoidRootPart_Torso_Head.CFrame = cf(0.000000, 0.000000, 0.016662, 0.990813, -0.043848, -0.127931, 0.060252, 0.990030, 0.127319, 0.121072, -0.133858, 0.983577)
Head_k11_HumanoidRootPart_Torso_Head.Parent = Torso_k11_HumanoidRootPart_Torso


--Left Arm
 Left_Arm_k11_HumanoidRootPart_Torso_Replace = Instance.new("Pose")
Left_Arm_k11_HumanoidRootPart_Torso_Replace.Name = "Left Arm"
Left_Arm_k11_HumanoidRootPart_Torso_Replace.CFrame = cf(-0.188231, -0.556270, -0.039996, -0.410109, 0.678732, 0.609207, -0.880493, -0.468797, -0.070438, 0.237786, -0.565290, 0.789877)
Left_Arm_k11_HumanoidRootPart_Torso_Replace.Parent = Torso_k11_HumanoidRootPart_Torso


--Platter
 Platter_k11_Platter = Instance.new("Pose")
Platter_k11_Platter.Name = "Platter"
Platter_k11_Platter.CFrame = cf(-0.376730, -0.294817, -0.222003, 0.997358, 0.020172, -0.069791, -0.048173, 0.902734, -0.427493, 0.054379, 0.429725, 0.901321)
Platter_k11_Platter.Parent = keyframe11


--Knife
 Knife_k11_Knife = Instance.new("Pose")
Knife_k11_Knife.Name = "Knife"
Knife_k11_Knife.CFrame = cf(0.349085, -0.663483, -0.444559, 0.978064, -0.143758, 0.150748, 0.208191, 0.650634, -0.730296, 0.006904, 0.745660, 0.666290)
Knife_k11_Knife.Parent = keyframe11


-- Keyframe 12 (Time: 0.36666667461395264)
 keyframe12 = Instance.new("Keyframe")
keyframe12.Time = 0.36666667461395264
keyframe12.Parent = KeyframeSequence

--HumanoidRootPart
 HumanoidRootPart_k12_HumanoidRootPart = Instance.new("Pose")
HumanoidRootPart_k12_HumanoidRootPart.Name = "HumanoidRootPart"
HumanoidRootPart_k12_HumanoidRootPart.CFrame = cf(0.000000, 0.000000, 0.000000, 1.000000, 0.000000, 0.000000, 0.000000, 1.000000, 0.000000, 0.000000, 0.000000, 1.000000)
HumanoidRootPart_k12_HumanoidRootPart.Parent = keyframe12


--Torso
 Torso_k12_HumanoidRootPart_Torso = Instance.new("Pose")
Torso_k12_HumanoidRootPart_Torso.Name = "Torso"
Torso_k12_HumanoidRootPart_Torso.CFrame = cf(-0.015811, -0.178685, -0.114541, 0.999595, 0.014736, -0.024356, -0.019680, 0.975922, -0.217231, 0.020568, 0.217622, 0.975816)
Torso_k12_HumanoidRootPart_Torso.Parent = HumanoidRootPart_k12_HumanoidRootPart


--Left Leg
 Left_Leg_k12_HumanoidRootPart_Torso_Replace = Instance.new("Pose")
Left_Leg_k12_HumanoidRootPart_Torso_Replace.Name = "Left Leg"
Left_Leg_k12_HumanoidRootPart_Torso_Replace.CFrame = cf(-0.163475, 0.125540, 0.073305, 0.947864, 0.066743, 0.311607, -0.072499, 0.997345, 0.006911, -0.310318, -0.029141, 0.950186)
Left_Leg_k12_HumanoidRootPart_Torso_Replace.Parent = Torso_k12_HumanoidRootPart_Torso


--Right Arm
 Right_Arm_k12_HumanoidRootPart_Torso_Replace = Instance.new("Pose")
Right_Arm_k12_HumanoidRootPart_Torso_Replace.Name = "Right Arm"
Right_Arm_k12_HumanoidRootPart_Torso_Replace.CFrame = cf(-0.065284, 0.123858, 0.353669, 0.253088, 0.385258, -0.887425, 0.934254, 0.140878, 0.327602, 0.251230, -0.911992, -0.324274)
Right_Arm_k12_HumanoidRootPart_Torso_Replace.Parent = Torso_k12_HumanoidRootPart_Torso


--Right Leg
 Right_Leg_k12_HumanoidRootPart_Torso_Replace = Instance.new("Pose")
Right_Leg_k12_HumanoidRootPart_Torso_Replace.Name = "Right Leg"
