--[[
Require Milestone 4 c00lkidd Convert By Theo!

This script stores all of the animation and assets in one folder to easily access them...
(Located On Workspace, Named "C00LKIDD")

]]


--For Short without using the "" for each Instance Configurations...
local Hum="HumanoidRootPart"
local hd="Head"
local t="Torso"
local ra="Right Arm"
local la="Left Arm"
local rl="Right Leg"
local ll="Left Leg"

local dash="Dash "
local exe="Exectuion "


--Main Variables
local I=Instance.new
local Folder=I("Folder",workspace)
local Folder1=I("Folder",Folder)
local Folder2=I("Folder",Folder)
local kf1=I("KeyframeSequence",Folder1)
 kf2=I("KeyframeSequence",Folder1)
 kf3=I("KeyframeSequence",Folder1)
local kfsub1=I("Keyframe",kf1)
local kfs1 =I("Keyframe",kf2 )
kfs3=I("Keyframe",kf3 )
local CFrame=CFrame.new

--Locals Set Up

--Folders
Folder.Name="C00LKIDD"
Folder1.Name="Animations"
Folder2.Name="Gui"

--KeyFrameSequence
kf1.Name="Corrupt"
kf1.Loop=false
kf2.Name="Dash"
kf2.Loop=false
kf2.Priority="Action2"
kf3.Priority="Action4"
kf3.Loop=false
kf3.Name="ExecutionVictim"

--Corrupt Nature

--------------------------------------------------------------------------------
--Corrupt Keyframe1
local p1=I("Pose",kfsub1)
local t1=I("Pose",p1)
local head=I("Pose",t1)
local aleft=I("Pose",t1)
local aright=I("Pose",t1)
local lleft=I("Pose",t1)
local lright=I("Pose",t1)

kfsub1.Name="Corrupt Keyframe"
kfsub1.Time=.767

--This Is the Order that all parts of this script will follow.

--HumanoidRootPart
p1.Name=Hum
p1.Weight=0
--Torso
t1.Name=t
t1.CFrame=CFrame(0.0846369117, -0.0697466955, -0.237620831, 0.9912498, -0.128653422, 0.0295318831, 0.128458157, 0.991679251, 0.00842410326, -0.0303699411, -0.00455678022, 0.999528348)
--Head
head.Name=hd
head.CFrame=CFrame(-0.0216605142, -0.178498104, -0.0400344133, 0.996538997, 0.0595523268, -0.0579975098, -0.0786651894, 0.90111196, -0.426390767, 0.0268696863, 0.429477423, 0.902677894)
--Left Arm
aleft.Name=la
aleft.CFrame=CFrame(-0.0132857859, -0.0567552, 0.0226177871, 0.742869437, -0.510999084, 0.432464451, 0.23879914, 0.805789769, 0.541920185, -0.625395834, -0.299303919, 0.720622718)
--Right Arm
aright.Name=ra
aright.CFrame=CFrame(0.222972095, -0.167469814, 0.0630694777, 0.134562552, -0.442410231, 0.886660159, 0.381187201, 0.849052548, 0.365795106, -0.914652646, 0.288761079, 0.28289184)
--Left Leg
lleft.Name=ll
lleft.CFrame=CFrame(-0.453544497, 0.206027567, 0.21075809, 0.923409343, -0.338857681, 0.180251867, 0.325404674, 0.940217257, 0.100515351, -0.203536347, -0.034162093, 0.97847122)
--Right Leg 
lright.Name=rl
lright.CFrame=CFrame(-0.0844728276, 0.237238288, -0.0299305022, 0.647248328, 0.23320438, -0.725731134, -0.198146403, 0.970798373, 0.135234922, 0.736075759, 0.0562703721, 0.674556077)
--Corrupt Keyframe1

--Corrupt Keyframe2
 kfsub2=I("Keyframe",kf1)
 p2=I("Pose",kfsub2)
 t2=I("Pose",p2)
 head1=I("Pose",t2)
 larm=I("Pose",t2)
 rarm=I("Pose",t2)
 rleg=I("Pose",t2)
 lleg=I("Pose",t2)

kfsub2.Name="Corrupt Keframe1"
kfsub2.Time=0

p2.Name=Hum
p2.Weight=0

t2.Name=t
t2.CFrame=CFrame(-0.52029103, -0.558058023, -0.85308969, 0.642789602, 0.694766521, -0.32267794, -0.712818027, 0.388204783, -0.584112644, -0.280556828, 0.605472147, 0.74477607)

head1.Name=hd
head1.CFrame=CFrame(-0.0216606632, -0.178498149, -0.0400350392, 0.761198401, -0.642103791, 0.0909949765, 0.63407433, 0.766330242, 0.103381515, -0.136113793, -0.0209962875, 0.990470767)

larm.Name=la
larm.CFrame=CFrame(-0.264177442, -0.0730384588, 0.354670763, 0.567268252, 0.79442364, 0.217020229, 0.255081117, -0.420058787, 0.870910108, 0.783032894, -0.438681841, -0.440928459)

rarm.Name=ra
rarm.CFrame=CFrame(-0.575175822, 0.0902430043, -0.051043272, 0.103308477, 0.59714973, 0.795449197, -0.939513445, 0.32114929, -0.119070329, -0.326560825, -0.735034287, 0.594207764)

lleg.Name=ll
lleg.CFrame=CFrame(0.493474752, 0.431943953, 0.579163313, -0.0292375274, -0.000556733634, 0.999572337, 0.380037278, 0.924898028, 0.0116315195, -0.924508929, 0.380215079, -0.0268299468)

rleg.Name=rl
rleg.CFrame=CFrame(0.83357048, 0.902244568, -0.321815729, 0.901474893, -0.181417853, 0.392976254, 0.248156101, 0.960511744, -0.125840604, -0.354628682, 0.210961625, 0.910897374)
--Corrupt Keyframe2

--Corrupt Keyframe3
 kfsub3=I("Keyframe",kf1)
 p3=I("Pose",kfsub3)
 t3=I("Pose",p3)
 head2=I("Pose",t3)
 larm1=I("Pose",t3)
 rarm1=I("Pose",t3)
 rleg1=I("Pose",t3)
 lleg1=I("Pose",t3)

kfsub3.Name="Corrupt Keyframe2"
kfsub3.Time=.367

p3.Name=Hum
p3.Weight=0

t3.Name=t
t3.CFrame=CFrame(0.482573986, -0.951586068, -0.645015717, 0.821519494, -0.439020097, 0.363822848, 0.570053816, 0.618956804, -0.540306568, 0.0120148323, 0.651270926, 0.75875026)

head2.Name=hd
head2.CFrame=CFrame(-0.0216605365, -0.178498089, -0.0400349498, 0.833764851, 0.486132979, -0.261746079, -0.402586967, 0.859720051, 0.314332992, 0.377835959, -0.156704232, 0.912515163)

larm1.Name=la
larm1.CFrame=CFrame(0.38537091, -0.31710586, 0.080111146, 0.979963183, 0.0691906586, 0.186774835, -0.197017476, 0.198951468, 0.960001349, 0.0292642191, -0.977563858, 0.20859687)

rarm1.Name=ra
rarm1.CFrame=CFrame(0.966366887, 0.275346845, 0.254411072, 0.244357958, -0.786682963, -0.566938102, -0.88838923, 0.0527148582, -0.456054658, 0.388656467, 0.61510241, -0.685999632)

lleg1.Name=ll
lleg1.CFrame=CFrame(-0.796589792, 0.781954587, -0.140054375, 0.983011603, 0.0906042159, -0.159622028, -0.0489744879, 0.967615843, 0.247631431, 0.176888898, -0.235607132, 0.955614746)

rleg1.Name=rl
rleg1.CFrame=CFrame(-0.420641184, 0.106614649, -0.17045927, 0.134604782, -0.162924156, -0.977413595, -0.235110909, 0.952971458, -0.191228524, 0.962602973, 0.255540699, 0.0899691507)
--Corrupt Keyframe3 

--Corrupt Keyframe4
 kfsub4=I("Keyframe",kf1)
 p4=I("Pose",kfsub4)
 t4=I("Pose",p4)
 head3=I("Pose",t4)
 larm2=I("Pose",t4)
 rarm2=I("Pose",t4)
 rleg2=I("Pose",t4)
 lleg2=I("Pose",t4)

kfsub4.Name="Corrupt Keyframe3"
kfsub4.Time=.033

p4.Name=Hum
p4.Weight=0

t4.Name=t
t4.CFrame=CFrame(-0.368503451, -0.684450507, -0.830501616, 0.759670317, 0.626292646, -0.175095871, -0.563342392, 0.499265254, -0.658315718, -0.324878991, 0.598741829, 0.732094169)

head3.Name=hd
head3.CFrame=CFrame(-0.02166076, -0.178497523, -0.0400349796, 0.827688992, -0.559321344, -0.0457229912, 0.561171412, 0.825522423, 0.0599940345, 0.00418945402, -0.0753147528, 0.997151017)

larm2.Name=la
larm2.CFrame=CFrame(-0.167006165, -0.106439054, 0.317606568, 0.666297078, 0.724427402, 0.17678605, 0.160343006, -0.370720118, 0.914798915, 0.728243411, -0.581181228, -0.363166302)

rarm2.Name=ra
rarm2.CFrame=CFrame(-0.796233416, 0.119883858, 0.249171138, -0.0329403765, 0.464923769, 0.88473767, -0.989588022, 0.1089224, -0.0940822139, -0.140108988, -0.878624916, 0.456495166)

lleg2.Name=ll
lleg.CFrame=CFrame(0.317145228, 0.585333943, 0.664565325, 0.125678927, -0.0681180581, 0.989729643, 0.302647859, 0.952715933, 0.0271395016, -0.944779992, 0.296128958, 0.14035219)

rleg2.Name=rl
rleg2.CFrame=CFrame(0.83348757, 0.718414307, -0.138786793, 0.965502322, -0.119816855, 0.231191114, 0.181041807, 0.947027028, -0.265261978, -0.187161297, 0.297966331, 0.936048448)
--Corrupt Keyframe4

--Corrupt Keyframe5
 kfsub5=I("Keyframe",kf1)
 p5=I("Pose",kfsub5)
 t5=I("Pose",p5)
 head4=I("Pose",t5)
 larm3=I("Pose",t5)
 rarm3=I("Pose",t5)
 rleg3=I("Pose",t5)
 lleg3=I("Pose",t5)

kfsub5.Name="Corrupt Keyframe4"
kfsub5.Time=.683

p5.Name=Hum
p5.Weight=0

t5.Name=t
t5.CFrame=CFrame(0.273089647, -0.590860844, -0.408847332, 0.923666775, -0.335240006, 0.185617894, 0.381222904, 0.853011966, -0.356426358, -0.0388459079, 0.399980932, 0.91569984)

head4.Name=hd
head4.CFrame=CFrame(-0.0216604695, -0.178497955, -0.0400349498, 0.94477278, 0.253570676, -0.207620874, -0.273874193, 0.958818257, -0.0752364546, 0.179992944, 0.127943426, 0.975311756)

larm3.Name=la
larm3.CFrame=CFrame(0.207134485, -0.190865323, 0.0639116168, 0.890254617, -0.390097201, 0.235098302, -0.00219230354, 0.512497485, 0.858685791, -0.455457896, -0.764964461, 0.455398172)

rarm3.Name=ra
rarm3.CFrame=CFrame(1.17955756, -0.0111595392, 0.336662382, -0.223252565, -0.262572974, -0.938729823, -0.920297325, 0.374178082, 0.114206895, 0.321265042, 0.889407873, -0.325181574)

lleg3.Name=ll
lleg3.CFrame=CFrame(-0.760061264, 0.508329928, 0.0632814467, 0.99342227, -0.111023493, -0.0280354805, 0.113796391, 0.984462023, 0.133734435, 0.0127524538, -0.136045173, 0.990620613)

rleg3.Name=rl
rleg3.CFrame=CFrame(-0.236211911, 0.180983186, 0.0166701078, 0.396969855, 0.0202670135, -0.917607963, -0.205970526, 0.976224303, -0.0675442889, 0.894422233, 0.215813458, 0.391705811)
--Corrupt Keyframe5

--Corrupt Keyframe6
 kfsub6 =I("Keyframe",kf1)
 p6 =I("Pose", kfsub6)
 t6 =I("Pose", p6)
 head5 =I("Pose", t6)
 larm4 =I("Pose", t6)
 rarm4 =I("Pose", t6)
 rleg4 =I("Pose", t6)
 lleg4 =I("Pose", t6)

kfsub6.Name="Corrupt Keyframe5"
kfsub6.Time=.633

p6.Name=Hum
p6.Weight=0

t6.Name=t
t6.CFrame=CFrame(0.376825899, -0.785420179, -0.522439539, 0.875724554, -0.397336304, 0.274281561, 0.482461125, 0.7417925, -0.465806007, -0.0183783993, 0.540247977, 0.841305196)

head5.Name=hd
head5.CFrame=CFrame(-0.0216605738, -0.178497955, -0.04003492, 0.898604393, 0.361726999, -0.24832201, -0.343969554, 0.932142913, 0.113113753, 0.272387892, -0.0162292328, 0.962050676)

larm4.Name=la
larm4.CFrame=CFrame(0.299933434, -0.252287447, 0.0765042901, 0.953492522, -0.205918342, 0.220113292, -0.13986966, 0.344601929, 0.9282704, -0.266999245, -0.915886045, 0.299773753)

rarm4.Name=ra
rarm4.CFrame=CFrame(1.13251233, 0.137417465, 0.336890489, 0.0267902222, -0.546636522, -0.836941183, -0.930975854, 0.29130289, -0.220060676, 0.364096493, 0.785067737, -0.501101494)

lleg4.Name=ll
lleg4.CFrame=CFrame(-0.798176527, 0.654867053, -0.03733477, 0.994614899, -0.00552218407, -0.103491969, 0.0247101299, 0.982416868, 0.185058057, 0.100650534, -0.186618924, 0.977263033)

rleg4.Name=rl
rleg4.CFrame=CFrame(-0.328484714, 0.136045516, -0.0199386477, 0.270215094, -0.0736959428, -0.959975481, -0.236866891, 0.961333096, -0.140473962, 0.933208406, 0.265344471, 0.242310166)
--Corrupt Keyframe6 

--Corrupt Keyframe7
 kfsub7 =I("Keyframe",kf1)
 p7 =I("Pose", kfsub7)
 t7 =I("Pose", p7)
 head6 =I("Pose", t7)
 larm5 =I("Pose", t7)
 rarm5 =I("Pose", t7)
 rleg5 =I("Pose", t7)
 lleg5 =I("Pose", t7)

kfsub7.Name="Corrupt Keyframe6"
kfsub7.Time=.6

p7.Name=Hum
p7.Weight=0

t7.Name=t
t7.CFrame=CFrame(0.453283459, -0.908243716, -0.610583603, 0.837028444, -0.429340124, 0.339190841, 0.547151625, 0.653478503, -0.523059368, 0.00291640335, 0.623404384, 0.781894207)

head6.Name=hd
head6.CFrame=CFrame(-0.021660313, -0.178498, -0.0400345922, 0.857774973, 0.439988494, -0.265767097, -0.382172704, 0.89165324, 0.242690206, 0.343753129, -0.106604598, 0.932989478)

larm5.Name=la
larm5.CFrame=CFrame(0.364612699, -0.296390206, 0.0806832314, 0.970598876, -0.0381907783, 0.237653792, -0.224413708, 0.213458046, 0.950828135, -0.0870420709, -0.976205528, 0.1986119)

rarm5.Name=ra
rarm5.CFrame=CFrame(1.00993204, 0.207011938, 0.323460281, 0.209048405, -0.721806467, -0.659768164, -0.907730043, 0.107739523, -0.405485481, 0.363764971, 0.683657587, -0.632682681)

lleg5.Name=ll
lleg5.CFrame=CFrame(-0.799830079, 0.749120831, -0.111762211, 0.98711139, 0.0654346794, -0.146045819, -0.0305329338, 0.972829342, 0.229501575, 0.157094941, -0.222084388, 0.962288797)

rleg5.Name=rl
rleg5.CFrame=CFrame(-0.391225487, 0.100806653, -0.0750896037, 0.177762985, -0.136535898, -0.974555373, -0.262717217, 0.947799742, -0.180708438, 0.948356569, 0.288155735, 0.132613391)
--Corrupt Keyframe7 

--Corrupt Keyframe8
 kfsub8 =I("Keyframe",kf1)
 p8 =I("Pose", kfsub8)
 t8 =I("Pose", p8)
 head7 =I("Pose", t8)
 larm6 =I("Pose", t8)
 rarm6 =I("Pose", t8)
 rleg6 =I("Pose", t8)
 lleg6 =I("Pose", t8)

kfsub8.Name="Corrupt Keyframe7"
kfsub8.Time=.567

p8.Name=Hum
p8.Weight=0

t8.Name=t
t8.CFrame=CFrame(0.482573986, -0.951586068, -0.645015717, 0.821519494, -0.439020097, 0.363822848, 0.570053816, 0.618956804, -0.540306568, 0.0120148323, 0.651270926, 0.75875026)

head7.Name=hd
head7.CFrame=CFrame(-0.021660462, -0.178498119, -0.0400350094, 0.838846624, 0.473541856, -0.268504292, -0.396232277, 0.86935544, 0.295332611, 0.373277992, -0.141348675, 0.916888356)

larm6.Name=la
larm6.CFrame=CFrame(0.387996405, -0.31330204, 0.0809569359, 0.970355213, 0.0432680883, 0.2377785, -0.241662636, 0.160825863, 0.956940055, 0.00316388765, -0.986033976, 0.16651471)

rarm6.Name=ra
rarm6.CFrame=CFrame(0.940014184, 0.224383384, 0.302452087, 0.274864554, -0.77691263, -0.566441596, -0.888082981, 0.0206192099, -0.459220737, 0.36845383, 0.629270673, -0.684295475)

lleg6.Name=ll
lleg6.CFrame=CFrame(-0.796589792, 0.781954587, -0.140054375, 0.983011603, 0.0906042159, -0.159622028, -0.0489744879, 0.967615843, 0.247631431, 0.176888898, -0.235607132, 0.955614746)

rleg6.Name=rl
rleg6.CFrame=CFrame(-0.413796008, 0.0896266699, -0.109706253, 0.14149715, -0.159112096, -0.977068007, -0.268994421, 0.943681955, -0.192630932, 0.952691257, 0.290082544, 0.0907282159)
--Corrupt Keyframe8 

--Corrupt Keyframe9
 kfsub9 =I("Keyframe",kf1)
 p9 =I("Pose", kfsub9)
 t9 =I("Pose", p9)
 head8 =I("Pose", t9)
 larm7 =I("Pose", t9)
 rarm7 =I("Pose", t9)
 rleg7 =I("Pose", t9)
 lleg7 =I("Pose", t9)

kfsub9.Name="Corrupt Keyframe8"
kfsub9.Time=.517

p9.Name=Hum
p9.Weight=0

t9.Name=t
t9.CFrame=CFrame(0.482573986, -0.951586068, -0.645015717, 0.821519494, -0.439020097, 0.363822848, 0.570053816, 0.618956804, -0.540306568, 0.0120148323, 0.651270926, 0.75875026)

head8.Name=hd
head8.CFrame=CFrame(-0.021660462, -0.178498134, -0.0400351882, 0.836357534, 0.479273349, -0.266088724, -0.399364173, 0.865220249, 0.303153813, 0.375518918, -0.147278652, 0.91503799)

larm7.Name=la
larm7.CFrame=CFrame(0.386365056, -0.313564688, 0.0808294415, 0.97428298, 0.0590879023, 0.217442647, -0.22432895, 0.163574949, 0.96068716, 0.0211967304, -0.984759748, 0.172623515)

rarm7.Name=ra
rarm7.CFrame=CFrame(0.943175435, 0.228197262, 0.282385111, 0.26430288, -0.782347441, -0.563982785, -0.88827455, 0.0303024575, -0.458312184, 0.375649154, 0.622104824, -0.686930299)

lleg7.Name=ll
lleg7.CFrame=CFrame(-0.796589792, 0.781954587, -0.140054375, 0.983011603, 0.0906042159, -0.159622028, -0.0489744879, 0.967615843, 0.247631431, 0.176888898, -0.235607132, 0.955614746)

rleg7.Name=rl
rleg7.CFrame=CFrame(-0.415177941, 0.0931766629, -0.121682316, 0.140130073, -0.159880012, -0.977139652, -0.262319148, 0.945618153, -0.192341283, 0.954752505, 0.283274978, 0.0905699953)
--Corrupt Keyframe9 

--Corrupt Keyframe10
 kfsub10 =I("Keyframe",kf1)
 p10 =I("Pose", kfsub10)
 t10 =I("Pose", p10)
 head9=I("Pose", t10)
 larm8 =I("Pose", t10)
 rarm8 =I("Pose", t10)
 rleg8 =I("Pose", t10)
 lleg8 =I("Pose", t10)

kfsub10.Name="Corrupt Keyframe9"
kfsub10.Time=.483

p10.Name=Hum
p10.Weight=0

t10.Name=t
t10.CFrame=CFrame(0.482573986, -0.951586068, -0.645015717, 0.821519494, -0.439020097, 0.363822848, 0.570053816, 0.618956804, -0.540306568, 0.0120148323, 0.651270926, 0.75875026)

head9.Name=hd
head9.CFrame=CFrame(-0.021660462, -0.178498209, -0.0400350988, 0.834847808, 0.482942522, -0.264188647, -0.40124163, 0.862425327, 0.308590233, 0.376874298, -0.151622415, 0.913770437)

larm8.Name=la
larm8.CFrame=CFrame(0.385585874, -0.314511418, 0.0806180835, 0.976893425, 0.0672486722, 0.202871457, -0.211667567, 0.172964931, 0.961914778, 0.0295979157, -0.982629538, 0.183202595)

rarm8.Name=ra
rarm8.CFrame=CFrame(0.949764609, 0.235470191, 0.268591583, 0.255842149, -0.785292089, -0.563791454, -0.888362944, 0.0390216447, -0.457480907, 0.381256074, 0.617894471, -0.687641263)

lleg8.Name=ll
lleg8.CFrame=CFrame(-0.796589792, 0.781954587, -0.140054375, 0.983011603, 0.0906042159, -0.159622028, -0.0489744879, 0.967615843, 0.247631431, 0.176888898, -0.235607132, 0.955614746)

rleg8.Name=rl
rleg8.CFrame=CFrame(-0.416589618, 0.0967493057, -0.13407445, 0.138719693, -0.160665378, -0.977212191, -0.255410135, 0.947567046, -0.192048013, 0.956829429, 0.276230991, 0.0904109627)
--Corrupt Keyframe10

--Corrupt Keyframe11
 kfsub11 =I("Keyframe",kf1)
 p11 =I("Pose", kfsub11)
 t11 =I("Pose", p11)
 head10 =I("Pose", t11)
 larm9 =I("Pose", t11)
 rarm9 =I("Pose", t11)
 rleg9 =I("Pose", t11)
 lleg9 =I("Pose", t11)

kfsub11.Name="Corrupt Keyframe10"
kfsub11.Time=.433

p11.Name=Hum
p11.Weight=0

t11.Name=t
t11.CFrame=CFrame(0.482573986, -0.951586068, -0.645015717, 0.821519494, -0.439020097, 0.363822848, 0.570053816, 0.618956804, -0.540306568, 0.0120148323, 0.651270926, 0.75875026)

head10.Name=hd
head10.CFrame=CFrame(-0.0216604024, -0.178498089, -0.0400350392, 0.834078252, 0.485009998, -0.262828529, -0.402194858, 0.860745132, 0.312021196, 0.377561808, -0.154541761, 0.912997305)

larm9.Name=la
larm9.CFrame=CFrame(0.385307014, -0.315687001, 0.0803842545, 0.978622317, 0.0699871033, 0.193391398, -0.203228131, 0.184729576, 0.961547375, 0.0315709859, -0.980294228, 0.195003927)

rarm9.Name=ra
rarm9.CFrame=CFrame(0.957421362, 0.245893538, 0.260044098, 0.249625742, -0.786507845, -0.564882338, -0.888388634, 0.0460996814, -0.456771851, 0.38529563, 0.615857303, -0.687217176)

lleg9.Name=ll
lleg9.CFrame=CFrame(-0.796589792, 0.781954587, -0.140054375, 0.983011603, 0.0906042159, -0.159622028, -0.0489744879, 0.967615843, 0.247631431, 0.176888898, -0.235607132, 0.955614746)

rleg9.Name=rl
rleg9.CFrame=CFrame(-0.417996466, 0.100245059, -0.146603435, 0.137298658, -0.161449119, -0.977283657, -0.248422548, 0.949481726, -0.191757128, 0.958871901, 0.269107223, 0.0902551413)
--Corrupt Keyframe11

--Corrupt Keyframe12
 kfsub12 =I("Keyframe",kf1)
 p12 =I("Pose", kfsub12)
 t12 =I("Pose", p12)
 head11 =I("Pose", t12)
 larm10 =I("Pose", t12)
 rarm10 =I("Pose", t12)
 rleg10 =I("Pose", t12)
 lleg10 =I("Pose", t12)

kfsub12.Name="Corrup Keyframe11"
kfsub12.Time=.4

p12.Name=Hum
p12.Weight=0

t12.Name=t
t12.CFrame=CFrame(0.482573986, -0.951586068, -0.645015717, 0.821519494, -0.439020097, 0.363822848, 0.570053816, 0.618956804, -0.540306568, 0.0120148323, 0.651270926, 0.75875026)

head11.Name=hd
head.CFrame=CFrame(-0.0216604769, -0.178498149, -0.0400351882, 0.833800972, 0.485925704, -0.262015402, -0.402540088, 0.85993129, 0.313814819, 0.377805889, -0.156187415, 0.912616074)

larm10.Name=la
larm10.CFrame=CFrame(0.385329306, -0.316686988, 0.0801923275, 0.979629219, 0.0698126629, 0.188289344, -0.198501796, 0.194729269, 0.960560977, 0.0303938128, -0.978369415, 0.204620838)

rarm10.Name=ra
rarm10.CFrame=CFrame(0.963732839, 0.259325653, 0.255643487, 0.24570775, -0.786747277, -0.566265225, -0.888385117, 0.0509477146, -0.456263393, 0.387813836, 0.615169168, -0.686416507)

lleg10.Name=ll
lleg10.CFrame=CFrame(-0.796589792, 0.781954587, -0.140054375, 0.983011603, 0.0906042159, -0.159622028, -0.0489744879, 0.967615843, 0.247631431, 0.176888898, -0.235607132, 0.955614746)

rleg10.Name=rl
rleg10.CFrame=CFrame(0.963732839, 0.259325653, 0.255643487, 0.24570775, -0.786747277, -0.566265225, -0.888385117, 0.0509477146, -0.456263393, 0.387813836, 0.615169168, -0.686416507)
--Corrupt Keyframe12 

--Corrupt Keyframe13 
 kfsub13 =I("Keyframe",kf1)
 p13 =I("Pose", kfsub13)
 t13 =I("Pose", p13)
 head12 =I("Pose", t13)
 larm11 =I("Pose", t13)
 rarm11 =I("Pose", t13)
 rleg11 =I("Pose", t13)
 lleg11 =I("Pose", t13)

kfsub13.Name="Corrupt Keyframe12"
kfsub13.Time=.717

p13.Name=Hum
p13.Weight=0

t13.Name=t
t13.CFrame=CFrame(0.167073235, -0.33940357, -0.303651094, 0.965827703, -0.240798861, 0.0958797708, 0.25524953, 0.947909176, -0.190567344, -0.0449969135, 0.208528474, 0.976980627)

head12.Name=hd
head12.CFrame=CFrame(-0.0216605216, -0.178497955, -0.040035367, 0.980505645, 0.136855245, -0.140994117, -0.173323706, 0.940421283, -0.292517662, 0.0925612822, 0.311252922, 0.945808709)

larm11.Name=la
larm11.CFrame=CFrame(0.0974887013, -0.122050449, 0.0436576605, 0.803395927, -0.506359577, 0.31329748, 0.144817144, 0.676517189, 0.722047269, -0.577566564, -0.53471905, 0.61684078)

rarm11.Name=ra
rarm11.CFrame=CFrame(0.647978425, -0.203479081, 0.210836321, -0.673677921, -0.707895696, 0.212229669, -0.36692512, 0.56967032, 0.735419571, -0.641501427, 0.417563736, -0.643518925)

lleg11.Name=ll
lleg.CFrame=CFrame(-0.649157286, 0.339152873, 0.158770472, 0.96980989, -0.232190281, 0.0745412856, 0.224407807, 0.969364762, 0.0998660922, -0.0954457968, -0.0801234841, 0.992204905)

rleg11.Name=rl
rleg11.CFrame=CFrame(-0.142994151, 0.21707046, 0.011541903, 0.53190434, 0.129807696, -0.836795926, -0.189392418, 0.981384873, 0.0318507925, 0.825353444, 0.141541138, 0.546587825)
--Corrupt Keyframe13

--Corrupt Keyframe14
 kfsub14 =I("Keyframe",kf1)
 p14 =I("Pose", kfsub14)
 t14 =I("Pose", p14)
 head13 =I("Pose", t14)
 larm12 =I("Pose", t14)
 rarm12 =I("Pose", t14)
 rleg12 =I("Pose", t14)
 lleg12 =I("Pose", t14)

kfsub14.Name="Corrupt Keyframe13"
kfsub14.Time=.317

p14.Name=Hum
p14.Weight=0

t14.Name=t
t14.CFrame=CFrame(0.480252087, -0.949060977, -0.642556429, 0.822334349, -0.4392021, 0.361756682, 0.568900287, 0.622442365, -0.537510991, 0.0109032514, 0.647817075, 0.761717975)

head13.Name=hd
head13.CFrame=CFrame(-0.0216605067, -0.178498104, -0.0400351286, 0.834324002, 0.483185619, -0.265396386, -0.402862281, 0.863027811, 0.30477044, 0.376305103, -0.147359133, 0.914701939)

larm12.Name=la
larm12.CFrame=CFrame(0.38531217, -0.317072749, 0.080113709, 0.979967773, 0.069345288, 0.186693117, -0.196962342, 0.198707372, 0.960063159, 0.0294786878, -0.977602482, 0.208385542)

rarm12.Name=ra
rarm12.CFrame=CFrame(0.96480757, 0.29493773, 0.269785523, 0.25085941, -0.793439865, -0.554547071, -0.890596986, 0.0353247784, -0.453419596, 0.379350156, 0.607622802, -0.697773814)

lleg12.Name=ll
lleg12.CFrame=CFrame(-0.799740314, 0.778660536, -0.138724476, 0.983655214, 0.0848307833, -0.158827648, -0.0436087511, 0.968043685, 0.246960878, 0.174701825, -0.235998541, 0.955920637)

rleg12.Name=rl
rleg12.CFrame=CFrame(-0.421088487, 0.111003935, -0.180134922, 0.134645954, -0.159313336, -0.978002906, -0.229787961, 0.955064952, -0.187212572, 0.963881731, 0.249940857, 0.0919873416)
--Corrupt Keyframe14

--Corrupt Keyframe15
 kfsub15 =I("Keyframe",kf1)
 p15 =I("Pose", kfsub15)
 t15 =I("Pose", p15)
 head14 =I("Pose", t15)
 larm13 =I("Pose", t15)
 rarm13 =I("Pose", t15)
 rleg13 =I("Pose", t15)
 lleg13 =I("Pose", t15)

kfsub15.Name="Corrupt Keyframe14"
kfsub15.Time=.283

p15.Name=Hum
p15.Weight=0

t15.Name=t
t15.CFrame=CFrame(0.471734911, -0.94350177, -0.63688916, 0.825768113, -0.437314957, 0.356178105, 0.563962281, 0.632004678, -0.531522989, 0.00733671477, 0.639785707, 0.768518388)

head14.Name=hd
head14.CFrame=CFrame(-0.0216605067, -0.17849806, -0.0400349796, 0.836425304, 0.4735668, -0.27591154, -0.401354432, 0.872054398, 0.280064076, 0.373238921, -0.123514347, 0.919476449)

larm13.Name=la
larm13.CFrame=CFrame(0.38526243, -0.316913933, 0.0801417828, 0.979978383, 0.0707201585, 0.186120838, -0.196632832, 0.196941078, 0.960494518, 0.0312717184, -0.977861345, 0.206904039)

rarm13.Name=ra
rarm13.CFrame=CFrame(0.951820791, 0.317204177, 0.308165461, 0.263071775, -0.819649577, -0.508888662, -0.89541918, -0.0110533508, -0.445086837, 0.359190345, 0.572758615, -0.736837924)

lleg13.Name=ll
lleg13.CFrame=CFrame(-0.806389511, 0.771099925, -0.132501006, 0.985720515, 0.0700996295, -0.15310514, -0.0308082849, 0.96895951, 0.245292649, 0.16554755, -0.237073049, 0.957282782)

rleg13.Name=rl
rleg13.CFrame=CFrame(-0.418312669, 0.11663425, -0.182174653, 0.140769064, -0.150176764, -0.978586257, -0.227844059, 0.956983626, -0.179636642, 0.963468313, 0.248252362, 0.100496717)
--Corrupt Keyframe15

--Corrupt Keyframe16
 kfsub16 =I("Keyframe",kf1)
 p16 =I("Pose", kfsub16)
 t16 =I("Pose", p16)
 head15 =I("Pose", t16)
 larm14 =I("Pose", t16)
 rarm14 =I("Pose", t16)
 rleg14 =I("Pose", t16)
 lleg14 =I("Pose", t16)

kfsub16.Name="Corrupt Keyframe15"
kfsub16.Time=.233

p16.Name=Hum
p16.Weight=0

t16.Name=t
t16.CFrame=CFrame(0.454727411, -0.937888741, -0.630511284, 0.833213389, -0.429670572, 0.348050058, 0.552950859, 0.646286011, -0.525889635, 0.00101937389, 0.630632758, 0.776080728)

head15.Name=hd
head15.CFrame=CFrame(-0.0216603577, -0.178498298, -0.0400354266, 0.840607882, 0.455993891, -0.292314857, -0.394695312, 0.885279119, 0.24596034, 0.370936662, -0.0913808122, 0.924151242)

larm14.Name=la
larm14.CFrame=CFrame(0.384845585, -0.3164258, 0.0802085996, 0.980010688, 0.0742272735, 0.184578881, -0.195677891, 0.192192107, 0.961650908, 0.0359063037, -0.978546083, 0.202875182)

rarm14.Name=ra
rarm14.CFrame=CFrame(0.914438128, 0.339122832, 0.358286202, 0.270944178, -0.869357705, -0.413287252, -0.90082413, -0.0776719078, -0.427180201, 0.339271486, 0.488041222, -0.804183304)

lleg14.Name=ll
lleg14.CFrame=CFrame(-0.812178791, 0.76271379, -0.117932186, 0.989238679, 0.0502716005, -0.137403876, -0.0154954214, 0.96983403, 0.243273348, 0.145488545, -0.238526359, 0.96017617)

rleg14.Name=rl
rleg14.CFrame=CFrame(-0.409591734, 0.120806992, -0.170615733, 0.157891631, -0.139961749, -0.977487087, -0.231229648, 0.957140446, -0.174399093, 0.960001707, 0.253560334, 0.118761003)
--Corrupt Keyframe16

--Corrupt Keyframe17
 kfsub17 =I("Keyframe",kf1)
 p17 =I("Pose", kfsub17)
 t17 =I("Pose", p17)
 head16 =I("Pose", t17)
 larm15 =I("Pose", t17)
 rarm15 =I("Pose", t17)
 rleg15 =I("Pose", t17)
 lleg15 =I("Pose", t17)

kfsub17.Name="Corrupt Keyframe16"
kfsub17.Time=.2

p17.Name=Hum
p17.Weight=0

t17.Name=t
t17.CFrame=CFrame(0.426896572, -0.935183764, -0.625726402, 0.845834196, -0.41247189, 0.338277578, 0.533380151, 0.663910806, -0.524145246, -0.00839093234, 0.623770416, 0.781562686)

head16.Name=hd
head16.CFrame=CFrame(-0.021660313, -0.17849806, -0.0400345922, 0.847209394, 0.429044813, -0.313299924, -0.379651427, 0.901472211, 0.207876801, 0.371619672, -0.0571704358, 0.9266231060)

larm15.Name=la
larm15.CFrame=CFrame(0.384150624, -0.315498531, 0.0803312659, 0.980013669, 0.0811717585, 0.181616038, -0.193770424, 0.182923585, 0.963842392, 0.0450149439, -0.979770422, 0.194996357)

rarm15.Name=ra
rarm15.CFrame=CFrame(0.838408232, 0.357569724, 0.409721255, 0.263897091, -0.933731616, -0.241875201, -0.907060981, -0.154958844, -0.391443759, 0.32802251, 0.322696745, -0.887844741)

lleg15.Name=ll
lleg15.CFrame=CFrame(-0.812343657, 0.75686729, -0.0914716274, 0.993892908, 0.0290777162, -0.10644991, -0.00250955694, 0.970364749, 0.241631746, 0.110321119, -0.239889011, 0.964511573)

rleg15.Name=rl
rleg15.CFrame=CFrame(-0.391294569, 0.1208992, -0.140702605, 0.190840349, -0.132479608, -0.972640216, -0.2412249, 0.954137802, -0.177289933, 0.951520145, 0.268459171, 0.150130793)
--Corrupt Keyframe17

--Corrupt Keyframe18
 kfsub18 =I("Keyframe",kf1)
 p18 =I("Pose", kfsub18)
 t18 =I("Pose", p18)
 head17 =I("Pose", t18)
 larm16 =I("Pose", t18)
 rarm16 =I("Pose", t18)
 rleg16 =I("Pose", t18)
 lleg16 =I("Pose", t18)

kfsub18.Name="Corrupt Keyframe17"
kfsub18.Time=.167

p18.Name=Hum
p18.Weight=0

t18.Name=t
t18.CFrame=CFrame(0.385666668, -0.938397288, -0.624676466, 0.864382565, -0.381599516, 0.327451676, 0.502373636, 0.683256865, -0.529887557, -0.021528786, 0.622528732, 0.78230083)

head17.Name=hd
head17.CFrame=CFrame(-0.0216603428, -0.178497761, -0.040034622, 0.856276989, 0.391043395, -0.337453306, -0.35282439, 0.91997087, 0.170788422, 0.37723285, -0.0271803737, 0.9257195)

larm16.Name=la
larm16.CFrame=CFrame(0.382991374, -0.313967735, 0.0805017948, 0.979865789, 0.0926623419, 0.176852316, -0.190434232, 0.167645141, 0.967279673, 0.0599820949, -0.981482923, 0.181916013)

rarm16.Name=ra
rarm16.CFrame=CFrame(0.706372082, 0.368884712, 0.452727139, 0.227674395, -0.972974479, 0.0385357738, -0.917373836, -0.227596566, -0.326535285, 0.326481044, 0.0389925353, -0.944399178)

lleg16.Name=ll
lleg16.CFrame=CFrame(-0.801094294, 0.756697059, -0.0495348126, 0.998468697, 0.0100213913, -0.0544043556, 0.00337851839, 0.970573068, 0.240783036, 0.0552160554, -0.240598112, 0.96905297)

rleg16.Name=rl
rleg16.CFrame=CFrame(-0.358125508, 0.114604294, -0.0916936398, 0.244713515, -0.130523652, -0.960769832, -0.25635156, 0.946927786, -0.19393748, 0.935093105, 0.293753982, 0.198266372)
--Corrupt Keyframe18

--Corrupt Keyframe19
 kfsub19 =I("Keyframe",kf1)
 p19 =I("Pose", kfsub19)
 t19 =I("Pose", p19)
 head18 =I("Pose", t19)
 larm17 =I("Pose", t19)
 rarm17 =I("Pose", t19)
 rleg17 =I("Pose", t19)
 lleg17 =I("Pose", t19)

kfsub19.Name="Corrupt Keyframe18"
kfsub19.Time=.117

p19.Name=Hum
p19.Weight=0

t19.Name=t
t19.CFrame=CFrame(0.230941474, -0.929454625, -0.678049386, 0.952288389, -0.151603937, 0.26488319, 0.286215127, 0.744935453, -0.602621019, -0.105961151, 0.649682641, 0.752784669)

head18.Name=hd
head18.CFrame=CFrame(-0.021660611, -0.178498209, -0.0400345325, 0.926109433, 0.179646835, -0.331735432, -0.148004711, 0.981858611, 0.118525937, 0.347010106, -0.0606696159, 0.935897052)

larm17.Name=la
larm17.CFrame=CFrame(0.279534996, -0.273067713, 0.130988896, 0.963091373, 0.22684744, 0.14489764, -0.158540562, 0.043023441, 0.986414671, 0.217531741, -0.972979605, 0.0774001777)

rarm17.Name=ra
rarm17.CFrame=CFrame(-0.152350783, 0.325355291, 0.505138397, 0.129889637, -0.769233167, 0.625626981, -0.854013264, -0.407377928, -0.323581159, 0.503775716, -0.492263764, -0.709849298)

lleg17.Name=ll
lleg17.CFrame=CFrame(-0.717690945, 0.801551819, 0.197248399, 0.967366636, -0.0828898177, 0.239439368, 0.037423946, 0.981354177, 0.188530117, -0.250601977, -0.173417062, 0.952431262)

rleg17.Name=rl
rleg17.CFrame=CFrame(-0.0574215055, 0.128542364, 0.190432429, 0.56992507, -0.120521218, -0.812810063, -0.263344377, 0.910217166, -0.319616258, 0.778354228, 0.396206379, 0.487016767)
--Corrupt Keyframe19

--Corrupt Keyframe20
 kfsub20 =I("Keyframe",kf1)
 p20 =I("Pose", kfsub20)
 t20 =I("Pose", p20)
 head19 =I("Pose", t20)
 larm18 =I("Pose", t20)
 rarm18 =I("Pose", t20)
 rleg18 =I("Pose", t20)
 lleg18 =I("Pose", t20)

kfsub20.Name="Corrupt Keyframe19"
kfsub20.Time=.083

p20.Name=Hum
p20.Weight=0

t20.Name=t
t20.CFrame=CFrame(-0.0555895567, -0.856483579, -0.774550498, 0.943806708, 0.317322373, 0.0923873782, -0.168001875, 0.701367855, -0.692718208, -0.284612536, 0.638270795, 0.715266407)

head19.Name=hd
head19.CFrame=CFrame(-0.0216605291, -0.178497791, -0.0400350392, 0.934835136, -0.250952095, -0.251209855, 0.272007704, 0.960870266, 0.0523466095, 0.228243619, -0.117266268, 0.966516137)

larm18.Name=la
larm18.CFrame=CFrame(0.0534189194, -0.186516702, 0.230705261, 0.854459882, 0.503692746, 0.127247468, -0.0302924551, -0.196211785, 0.980093479, 0.518633604, -0.841305315, -0.152396947)

rarm18.Name=ra
rarm18.CFrame=CFrame(-0.977893233, 0.220298707, 0.542982697, -0.14415288, -0.0611875281, 0.987661898, -0.906535745, -0.392007738, -0.156597853, 0.396753043, -0.917924941, 0.00104072678)

lleg18.Name=ll
lleg18.CFrame=CFrame(-0.259243935, 0.798101366, 0.617577076, 0.608785927, -0.167911783, 0.775361061, 0.153307989, 0.983822286, 0.0926837027, -0.778380692, 0.0624447837, 0.624679863)

rleg18.Name=rl
rleg18.CFrame=CFrame(0.561753988, 0.348443359, 0.187466323, 0.958588541, -0.0771249756, -0.274153173, -0.0467665121, 0.906937242, -0.418661624, 0.28092894, 0.414145619, 0.865772784)
--Corrupt Keyframe20

----END OF CORRUPT ABILITY


--Dash Keyframe1
local hum =I("Pose",kfs1 )
local ts =I("Pose",hum )
local head_1 =I("Pose",ts )
local larm_1=I("Pose",ts )
local rarm_1 =I("Pose",ts )
local lleg_1 =I("Pose",ts )
local rleg_1 =I("Pose",ts )

kfs1.Name=dash.."Keyframe1"
kfs1.Time=.6

hum.Name=Hum
hum.Weight=0

ts.Name=t
ts.CFrame=CFrame(0.0846369117, -0.0697466955, -0.237620831, 0.9912498, -0.128653422, 0.0295318831, 0.128458157, 0.991679251, 0.00842410326, -0.0303699411, -0.00455678022, 0.999528348)

head_1.Name=hd
head_1.CFrame=CFrame(-0.0216605142, -0.178498104, -0.0400344133, 0.996538997, 0.0595523268, -0.0579975098, -0.0786651894, 0.90111196, -0.426390767, 0.0268696863, 0.429477423, 0.902677894)

larm_1.Name=la
larm_1.CFrame=CFrame(-0.0132857859, -0.0567552, 0.0226177871, 0.742869437, -0.510999084, 0.432464451, 0.23879914, 0.805789769, 0.541920185, -0.625395834, -0.299303919, 0.720622718)

rarm_1.Name=ra
rarm_1.CFrame=CFrame(0.222972095, -0.167469814, 0.0630694777, 0.134562552, -0.442410231, 0.886660159, 0.381187201, 0.849052548, 0.365795106, -0.914652646, 0.288761079, 0.28289184)

lleg_1.Name=ll
lleg_1.CFrame=CFrame(-0.453544497, 0.206027567, 0.21075809, 0.923409343, -0.338857681, 0.180251867, 0.325404674, 0.940217257, 0.100515351, -0.203536347, -0.034162093, 0.97847122)

rleg_1.Name=rl
rleg_1.CFrame=CFrame(-0.0844728276, 0.237238288, -0.0299305022, 0.647248328, 0.23320438, -0.725731134, -0.198146403, 0.970798373, 0.135234922, 0.736075759, 0.0562703721, 0.674556077)
--Dash Keyframe1

--Dash Keyframe2
 kfs2 =I("Keyframe",kf2 )
 hum1 =I("Pose",kfs2 )
 ts1 =I("Pose",hum1 )
 head1_1 =I("Pose",ts1 )
 larm1_1 =I("Pose",ts1 )
 rarm1_1 =I("Pose",ts1 )
 lleg1_1 =I("Pose",ts1 )
 rleg1_1 =I("Pose",ts1 )

kfs2.Name=dash.."Keyframe2"
kfs2.Time=0

hum1.Name=Hum
hum1.Weight=0

ts1.Name=t
ts1.CFrame=CFrame(-0.0472253934, -0.662444293, -0.627437711, 0.992276967, -0.0739796683, -0.0995658487, -0.0320549197, 0.622481048, -0.781978309, 0.119828321, 0.779130638, 0.615302205)

head1_1.Name=hd
head1_1.CFrame=CFrame(-0.0216605589, -0.178498104, -0.0400349498, 0.98016715, 0.00585630722, 0.198086083, -0.129039139, 0.777482748, 0.615523815, -0.150403857, -0.628877044, 0.762818635)

larm1_1.Name=la
larm1_1.CFrame=CFrame(-0.322994709, -0.287431717, 0.302063882, 0.354050159, 0.906579971, 0.229697689, -0.465252727, -0.042322021, 0.884165645, 0.811288118, -0.419906676, 0.40680474)

rarm1_1.Name=ra
rarm1_1.CFrame=CFrame(0.360022753, -0.192734987, 0.395152867, -0.69779706, -0.650974333, -0.298851132, -0.437854767, 0.0574554466, 0.897207916, -0.566888511, 0.756922245, -0.325124621)

lleg1_1.Name=ll
lleg1_1.CFrame=CFrame(-0.234638989, 0.536008179, 0.0921705961, 0.595485449, 0.781128585, 0.187710494, -0.728255212, 0.623516381, -0.284379631, -0.339177728, 0.0326425917, 0.940155864)

rleg1_1.Name=rl
rleg1_1.CFrame=CFrame(0.0800529122, 0.444180727, -0.281053185, 0.424309731, -0.200173333, -0.883114994, 0.236780331, 0.965855181, -0.10516239, 0.874011695, -0.164482728, 0.457218707)
--Dash Keyframe2

--Dash Keyframe3 
 kfs3 =I("Keyframe",kf2 )
 hum2 =I("Pose",kfs3 )
 ts2 =I("Pose",hum2 )
 head1_2 =I("Pose",ts2 )
 larm1_2 =I("Pose",ts2 )
 rarm1_2 =I("Pose",ts2 )
 lleg1_2 =I("Pose",ts2 )
 rleg1_2 =I("Pose",ts2 )

kfs3.Name=dash.."Keyframe3"
kfs3.Time=.283

hum2.Name=Hum
hum2.Weight=0

ts2.Name=t
ts2.CFrame=CFrame(0.158531159, -1.16964698, -0.302201033, 0.843475223, -0.536832511, 0.018984884, 0.299864829, 0.441238046, -0.845807314, 0.445680022, 0.719110429, 0.533150554)

head1_2.Name=hd
head1_2.CFrame=CFrame(-0.0216607545, -0.178498, -0.0400346518, 0.963633418, 0.262312174, -0.0510213524, -0.16217725, 0.725805759, 0.668509245, 0.212389737, -0.635923326, 0.741951704)

larm1_2.Name=la
larm1_2.CFrame=CFrame(-0.771184921, 0.414797306, -0.181806847, -0.127396539, 0.47055015, 0.873127997, -0.136335626, -0.880252779, 0.454497457, 0.982437134, -0.0611370057, 0.176293835)

rarm1_2.Name=ra
rarm1_2.CFrame=CFrame(-0.638833404, -0.488962412, -0.359379947, -0.211656645, -0.824623346, -0.524592876, 0.872597218, 0.0823125169, -0.481455117, 0.440199584, -0.559661448, 0.702142)

lleg1_2.Name=ll
lleg1_2.CFrame=CFrame(-0.345097542, -0.186882496, -0.738642991, 0.785800219, 0.0676464513, 0.614769876, -0.201202884, 0.967891693, 0.150675848, -0.584837914, -0.242094651, 0.774180174)

rleg1_2.Name=rl
rleg1_2.CFrame=CFrame(0.0521230102, 1.08181679, 0.317509234, 0.709436595, -0.457710505, -0.535911262, 0.455044568, 0.878147185, -0.147621095, 0.538176775, -0.139135793, 0.831268489)
--Dash Keyframe3

--Dash Keyframe4
 kfs4 =I("Keyframe",kf2 )
 hum3 =I("Pose",kfs4 )
 ts3 =I("Pose",hum3 )
 head1_3 =I("Pose",ts3 )
 larm1_3 =I("Pose",ts3 )
 rarm1_3 =I("Pose",ts3 )
 lleg1_3 =I("Pose",ts3 )
 rleg1_3 =I("Pose",ts3 )

kfs4.Name=dash.."Keyframe4"
kfs4.Time=.033

hum3.Name=Hum
hum3.Weight=0

ts3.Name=t
ts3.CFrame=CFrame(-0.0343949422, -0.69019115, -0.756969929, 0.982513726, -0.0978991687, -0.158374801, -0.0683166832, 0.601727009, -0.795774817, 0.173204064, 0.79267925, 0.584516883)

head1_3.Name=hd
head1_3.CFrame=CFrame(-0.0216605216, -0.178498119, -0.0400349796, 0.964073062, -0.0288263522, 0.264068604, -0.165191218, 0.71343857, 0.680967808, -0.208026543, -0.700124621, 0.683045089)

larm1_3.Name=la
larm1_3.CFrame=CFrame(-0.213578016, -0.315294236, 0.178295016, 0.16444318, 0.862840056, 0.477980524, -0.672646046, -0.256335407, 0.694146454, 0.721460938, -0.435659438, 0.538233519)

rarm1_3.Name=ra
rarm1_3.CFrame=CFrame(0.443468571, -0.195154697, 0.273076117, -0.755390763, -0.604170144, -0.253699481, -0.342060417, 0.0333401263, 0.939086258, -0.558909297, 0.796157598, -0.231847942)

lleg1_3.Name=ll
lleg1_3.CFrame=CFrame(-0.327917159, 0.672425866, 0.20072937, 0.7456038, 0.647982955, 0.155540839, -0.572308064, 0.74222219, -0.348668694, -0.341377318, 0.170951292, 0.924249589)

rleg1_3.Name=rl
rleg1_3.CFrame=CFrame(0.053915143, 0.58061552, -0.302814543, 0.289824724, -0.0505194403, -0.955745518, 0.194712341, 0.980833948, 0.00719970465, 0.937063873, -0.188182101, 0.294106632)
--Dash Keyframe4

--Dash Keyframe5
 kfs5 =I("Keyframe",kf2 )
 hum1_4 =I("Pose",kfs5 )
 ts4 =I("Pose",hum1_4 )
 head1_4 =I("Pose",ts4 )
 larm1_4 =I("Pose",ts4 )
 rarm1_4 =I("Pose",ts4 )
 lleg1_4 =I("Pose",ts4 )
 rleg1_4 =I("Pose",ts4 )

kfs5.Name=dash.."Keyframe5"
kfs5.Time=.517

hum1_4.Name=Hum
hum1_4.Weight=0

ts4.Name=t
ts4.CFrame=CFrame(-0.0564147383, -1.05053627, -0.212541163, 0.899957955, 0.273823857, -0.339258403, -0.434552193, 0.626243591, -0.647289217, 0.0352150798, 0.729958534, 0.68258363)

head1_4.Name=hd
head1_4.CFrame=CFrame(-0.0216605514, -0.178498387, -0.04003492, 0.868053317, -0.354667276, 0.347411275, 0.023829639, 0.728719354, 0.684397697, -0.495898783, -0.585815072, 0.641018867)

larm1_4.Name=la
larm1_4.CFrame=CFrame(-0.298000097, 0.0493753552, 0.128817111, 0.0642840788, 0.723393738, 0.687436283, -0.461356342, -0.589281738, 0.663247883, 0.884882987, -0.359789461, 0.295860827)

rarm1_4.Name=ra
rarm1_4.CFrame=CFrame(-0.684037089, -0.346206367, -0.288833082, -0.293804139, -0.856100857, -0.425170928, 0.780784011, 0.0416525938, -0.623411298, 0.551412344, -0.51512748, 0.656192124)

lleg1_4.Name=ll
lleg1_4.CFrame=CFrame(0.114326164, 0.00625514984, -0.571109235, -0.490933776, -0.420272827, 0.763121486, 0.22799997, 0.783435822, 0.578138649, -0.840833008, 0.457819909, -0.288792759)

rleg1_4.Name=rl
rleg1_4.CFrame=CFrame(0.989350379, 1.29772294, -0.411297858, 0.784208596, -0.483443141, 0.388972849, 0.414657563, 0.874650955, 0.251087099, -0.461601734, -0.035614118, 0.886372089)
--Dash Keyframe5

--Dash Keyframe6

kfs6 =I("Keyframe",kf2 )
 hum1_5 =I("Pose",kfs6 )
 ts5 =I("Pose",hum1_5 )
 head1_5 =I("Pose",ts5 )
 larm1_5 =I("Pose",ts5 )
 rarm1_5 =I("Pose",ts5 )
 lleg1_5 =I("Pose",ts5 )
 rleg1_5 =I("Pose",ts5 )

kfs6.Name=dash.."Keyframe6"
kfs6.Time=.483

hum1_5.Name=Hum
hum1_4.Weight=0

ts5.Name=t
ts5.CFrame=CFrame(-0.0564147383, -1.05053627, -0.212541163, 0.899957955, 0.273823857, -0.339258403, -0.434552193, 0.626243591, -0.647289217, 0.0352150798, 0.729958534, 0.68258363)

head1_5.Name=hd
head1_5.CFrame=CFrame(-0.0216605514, -0.178498387, -0.04003492, 0.868053317, -0.354667276, 0.347411275, 0.023829639, 0.728719354, 0.684397697, -0.495898783, -0.585815072, 0.641018867)

larm1_5.Name=la
larm1_5.CFrame=CFrame(-0.298000097, 0.0493753552, 0.128817111, 0.0642840788, 0.723393738, 0.687436283, -0.461356342, -0.589281738, 0.663247883, 0.884882987, -0.359789461, 0.295860827)

rarm1_5.Name=ra
rarm1_5.CFrame=CFrame(-0.684037089, -0.346206367, -0.288833082, -0.293804139, -0.856100857, -0.425170928, 0.780784011, 0.0416525938, -0.623411298, 0.551412344, -0.51512748, 0.656192124)

lleg1_5.Name=ll
lleg1_5.CFrame=CFrame(0.114326164, 0.00625514984, -0.571109235, -0.490933776, -0.420272827, 0.763121486, 0.22799997, 0.783435822, 0.578138649, -0.840833008, 0.457819909, -0.288792759)

rleg1_5.Name=rl
rleg1_5.CFrame=CFrame(0.989350379, 1.29772294, -0.411297858, 0.784208596, -0.483443141, 0.388972849, 0.414657563, 0.874650955, 0.251087099, -0.461601734, -0.035614118, 0.886372089)
--Dash Keyframe6 

--Dash Keyframe7
 kfs7 =I("Keyframe",kf2 )
