-- KeyframeSequence Export: Imported Animation Clip
-- Generated on 2025-09-16 14:19:26

local KeyframeSequence = Instance.new("KeyframeSequence")
KeyframeSequence.Name = "Callonme"
 cf=CFrame.new

-- Keyframe 1 (Time: 0)
 keyframe1 = Instance.new("Keyframe")
keyframe1.Time = 0
keyframe1.Parent = KeyframeSequence

--HumanoidRootPart
 HumanoidRootPart_k1_HumanoidRootPart = Instance.new("Pose")
HumanoidRootPart_k1_HumanoidRootPart.Name = "HumanoidRootPart"
HumanoidRootPart_k1_HumanoidRootPart.CFrame = cf(0.000000, 0.000000, 0.000000, 1.000000, 0.000000, 0.000000, 0.000000, 1.000000, 0.000000, 0.000000, 0.000000, 1.000000)
HumanoidRootPart_k1_HumanoidRootPart.Parent = keyframe1



--Torso
 Torso_k1_HumanoidRootPart_Torso = Instance.new("Pose")
Torso_k1_HumanoidRootPart_Torso.Name = "Torso"
Torso_k1_HumanoidRootPart_Torso.CFrame = cf(-0.000038, -0.010559, -0.007519, 0.999966, -0.003925, 0.007200, 0.004019, 0.999905, -0.013199, -0.007148, 0.013227, 0.999887)
Torso_k1_HumanoidRootPart_Torso.Parent = HumanoidRootPart_k1_HumanoidRootPart



--
 Left_Leg_k1_HumanoidRootPart_Torso_ = Instance.new("Pose")
Left_Leg_k1_HumanoidRootPart_Torso_.Name = ""
Left_Leg_k1_HumanoidRootPart_Torso_.CFrame = cf(-0.117371, 0.012046, 0.006819, 0.996605, -0.072382, 0.039248, 0.072047, 0.997352, 0.009880, -0.039859, -0.007019, 0.999181)
Left_Leg_k1_HumanoidRootPart_Torso_.Parent = Torso_k1_HumanoidRootPart_Torso



--
 Right_Arm_k1_HumanoidRootPart_Torso_ = Instance.new("Pose")
Right_Arm_k1_HumanoidRootPart_Torso_.Name = ""
Right_Arm_k1_HumanoidRootPart_Torso_.CFrame = cf(-0.012410, -0.000111, -0.005754, 0.999656, -0.026253, 0.000245, 0.026253, 0.999493, -0.018007, 0.000228, 0.018007, 0.999838)
Right_Arm_k1_HumanoidRootPart_Torso_.Parent = Torso_k1_HumanoidRootPart_Torso



--Head
 Head_k1_HumanoidRootPart_Torso_Head = Instance.new("Pose")
Head_k1_HumanoidRootPart_Torso_Head.Name = "Head"
Head_k1_HumanoidRootPart_Torso_Head.CFrame = cf(-0.001428, 0.002916, -0.000007, 0.999966, 0.003981, -0.007169, -0.003925, 0.999961, 0.007885, 0.007200, -0.007856, 0.999943)
Head_k1_HumanoidRootPart_Torso_Head.Parent = Torso_k1_HumanoidRootPart_Torso



--
 Left_Arm_k1_HumanoidRootPart_Torso_ = Instance.new("Pose")
Left_Arm_k1_HumanoidRootPart_Torso_.Name = ""
Left_Arm_k1_HumanoidRootPart_Torso_.CFrame = cf(0.011923, -0.000127, -0.010933, 0.999626, 0.027247, -0.002427, -0.027282, 0.999496, -0.016260, 0.001983, 0.016320, 0.999865)
Left_Arm_k1_HumanoidRootPart_Torso_.Parent = Torso_k1_HumanoidRootPart_Torso



--
 Right_Leg_k1_HumanoidRootPart_Torso_ = Instance.new("Pose")
Right_Leg_k1_HumanoidRootPart_Torso_.Name = ""
Right_Leg_k1_HumanoidRootPart_Torso_.CFrame = cf(0.154228, -0.005013, -0.008135, 0.996481, 0.072413, 0.042210, -0.072059, 0.997352, -0.009842, -0.042811, 0.006766, 0.999060)
Right_Leg_k1_HumanoidRootPart_Torso_.Parent = Torso_k1_HumanoidRootPart_Torso



-- Keyframe 2 (Time: 0.03333333507180214)
 keyframe2 = Instance.new("Keyframe")
keyframe2.Time = 0.03333333507180214
keyframe2.Parent = KeyframeSequence

--HumanoidRootPart
 HumanoidRootPart_k2_HumanoidRootPart = Instance.new("Pose")
HumanoidRootPart_k2_HumanoidRootPart.Name = "HumanoidRootPart"
HumanoidRootPart_k2_HumanoidRootPart.CFrame = cf(0.000000, 0.000000, 0.000000, 1.000000, 0.000000, 0.000000, 0.000000, 1.000000, 0.000000, 0.000000, 0.000000, 1.000000)
HumanoidRootPart_k2_HumanoidRootPart.Parent = keyframe2



--Torso
 Torso_k2_HumanoidRootPart_Torso = Instance.new("Pose")
Torso_k2_HumanoidRootPart_Torso.Name = "Torso"
Torso_k2_HumanoidRootPart_Torso.CFrame = cf(0.000095, -0.010555, -0.013322, 0.999440, -0.032496, -0.007935, 0.032390, 0.999388, -0.013192, 0.008359, 0.012928, 0.999882)
Torso_k2_HumanoidRootPart_Torso.Parent = HumanoidRootPart_k2_HumanoidRootPart



--
 Left_Leg_k2_HumanoidRootPart_Torso_ = Instance.new("Pose")
Left_Leg_k2_HumanoidRootPart_Torso_.Name = ""
Left_Leg_k2_HumanoidRootPart_Torso_.CFrame = cf(-0.151831, -0.001220, -0.002545, 0.997100, -0.076053, 0.002863, 0.076081, 0.997031, -0.011835, -0.001955, 0.012018, 0.999926)
Left_Leg_k2_HumanoidRootPart_Torso_.Parent = Torso_k2_HumanoidRootPart_Torso



--
 Right_Arm_k2_HumanoidRootPart_Torso_ = Instance.new("Pose")
Right_Arm_k2_HumanoidRootPart_Torso_.Name = ""
Right_Arm_k2_HumanoidRootPart_Torso_.CFrame = cf(-0.013954, -0.000145, -0.008205, 0.999696, -0.022819, 0.009363, 0.022910, 0.999690, -0.009709, -0.009138, 0.009920, 0.999909)
Right_Arm_k2_HumanoidRootPart_Torso_.Parent = Torso_k2_HumanoidRootPart_Torso



--Head
 Head_k2_HumanoidRootPart_Torso_Head = Instance.new("Pose")
Head_k2_HumanoidRootPart_Torso_Head.Name = "Head"
Head_k2_HumanoidRootPart_Torso_Head.CFrame = cf(0.001680, 0.002855, -0.000016, 0.999440, 0.032188, 0.009106, -0.032496, 0.998822, 0.036038, -0.007935, -0.036313, 0.999309)
Head_k2_HumanoidRootPart_Torso_Head.Parent = Torso_k2_HumanoidRootPart_Torso



--
 Left_Arm_k2_HumanoidRootPart_Torso_ = Instance.new("Pose")
Left_Arm_k2_HumanoidRootPart_Torso_.Name = ""
Left_Arm_k2_HumanoidRootPart_Torso_.CFrame = cf(0.001959, -0.000073, -0.008493, 0.998650, 0.047434, 0.021184, -0.046904, 0.998590, -0.024858, -0.022333, 0.023831, 0.999467)
Left_Arm_k2_HumanoidRootPart_Torso_.Parent = Torso_k2_HumanoidRootPart_Torso



--
 Right_Leg_k2_HumanoidRootPart_Torso_ = Instance.new("Pose")
Right_Leg_k2_HumanoidRootPart_Torso_.Name = ""
Right_Leg_k2_HumanoidRootPart_Torso_.CFrame = cf(0.201566, 0.011572, 0.000645, 0.992424, 0.122735, 0.005647, -0.122796, 0.992357, 0.012194, -0.004107, -0.012795, 0.999910)
Right_Leg_k2_HumanoidRootPart_Torso_.Parent = Torso_k2_HumanoidRootPart_Torso



-- Keyframe 3 (Time: 0.06666667014360428)
 keyframe3 = Instance.new("Keyframe")
keyframe3.Time = 0.06666667014360428
keyframe3.Parent = KeyframeSequence

--HumanoidRootPart
 HumanoidRootPart_k3_HumanoidRootPart = Instance.new("Pose")
HumanoidRootPart_k3_HumanoidRootPart.Name = "HumanoidRootPart"
HumanoidRootPart_k3_HumanoidRootPart.CFrame = cf(0.000000, 0.000000, 0.000000, 1.000000, 0.000000, 0.000000, 0.000000, 1.000000, 0.000000, 0.000000, 0.000000, 1.000000)
HumanoidRootPart_k3_HumanoidRootPart.Parent = keyframe3



--Torso
 Torso_k3_HumanoidRootPart_Torso = Instance.new("Pose")
Torso_k3_HumanoidRootPart_Torso.Name = "Torso"
Torso_k3_HumanoidRootPart_Torso.CFrame = cf(-0.000019, -0.010769, -0.012012, 0.999892, 0.014594, 0.001588, -0.014571, 0.999803, -0.013463, -0.001784, 0.013438, 0.999908)
Torso_k3_HumanoidRootPart_Torso.Parent = HumanoidRootPart_k3_HumanoidRootPart



--
 Left_Leg_k3_HumanoidRootPart_Torso_ = Instance.new("Pose")
Left_Leg_k3_HumanoidRootPart_Torso_.Name = ""
Left_Leg_k3_HumanoidRootPart_Torso_.CFrame = cf(-0.179628, 0.004065, 0.005242, 0.992484, -0.116252, 0.038241, 0.116200, 0.993219, 0.003571, -0.038397, 0.000900, 0.999262)
Left_Leg_k3_HumanoidRootPart_Torso_.Parent = Torso_k3_HumanoidRootPart_Torso



--
 Right_Arm_k3_HumanoidRootPart_Torso_ = Instance.new("Pose")
Right_Arm_k3_HumanoidRootPart_Torso_.Name = ""
Right_Arm_k3_HumanoidRootPart_Torso_.CFrame = cf(-0.022048, 0.000051, -0.001895, 0.999646, -0.006632, -0.025792, 0.006516, 0.999969, -0.004551, 0.025821, 0.004382, 0.999657)
Right_Arm_k3_HumanoidRootPart_Torso_.Parent = Torso_k3_HumanoidRootPart_Torso



--Head
 Head_k3_HumanoidRootPart_Torso_Head = Instance.new("Pose")
Head_k3_HumanoidRootPart_Torso_Head.Name = "Head"
Head_k3_HumanoidRootPart_Torso_Head.CFrame = cf(-0.000351, 0.002959, -0.000017, 0.999993, -0.003162, -0.002006, 0.003264, 0.998578, 0.053209, 0.001835, -0.053215, 0.998582)
Head_k3_HumanoidRootPart_Torso_Head.Parent = Torso_k3_HumanoidRootPart_Torso



--
 Left_Arm_k3_HumanoidRootPart_Torso_ = Instance.new("Pose")
Left_Arm_k3_HumanoidRootPart_Torso_.Name = ""
Left_Arm_k3_HumanoidRootPart_Torso_.CFrame = cf(-0.005558, 0.000119, -0.015193, 0.997900, 0.063285, -0.013825, -0.063668, 0.997541, -0.029313, 0.011936, 0.030132, 0.999475)
Left_Arm_k3_HumanoidRootPart_Torso_.Parent = Torso_k3_HumanoidRootPart_Torso



--
 Right_Leg_k3_HumanoidRootPart_Torso_ = Instance.new("Pose")
Right_Leg_k3_HumanoidRootPart_Torso_.Name = ""
Right_Leg_k3_HumanoidRootPart_Torso_.CFrame = cf(0.155226, 0.007163, -0.008566, 0.996791, 0.069630, 0.039486, -0.069670, 0.997570, -0.000378, -0.039416, -0.002374, 0.999220)
Right_Leg_k3_HumanoidRootPart_Torso_.Parent = Torso_k3_HumanoidRootPart_Torso



-- Keyframe 4 (Time: 0.10000000149011612)
 keyframe4 = Instance.new("Keyframe")
keyframe4.Time = 0.10000000149011612
keyframe4.Parent = KeyframeSequence

--HumanoidRootPart
 HumanoidRootPart_k4_HumanoidRootPart = Instance.new("Pose")
HumanoidRootPart_k4_HumanoidRootPart.Name = "HumanoidRootPart"
HumanoidRootPart_k4_HumanoidRootPart.CFrame = cf(0.000000, 0.000000, 0.000000, 1.000000, 0.000000, 0.000000, 0.000000, 1.000000, 0.000000, 0.000000, 0.000000, 1.000000)
HumanoidRootPart_k4_HumanoidRootPart.Parent = keyframe4



--Torso
 Torso_k4_HumanoidRootPart_Torso = Instance.new("Pose")
Torso_k4_HumanoidRootPart_Torso.Name = "Torso"
Torso_k4_HumanoidRootPart_Torso.CFrame = cf(-0.000092, -0.010983, -0.019111, 0.999144, 0.041106, 0.004720, -0.041038, 0.999063, -0.013726, -0.005280, 0.013521, 0.999895)
Torso_k4_HumanoidRootPart_Torso.Parent = HumanoidRootPart_k4_HumanoidRootPart



--
 Left_Leg_k4_HumanoidRootPart_Torso_ = Instance.new("Pose")
Left_Leg_k4_HumanoidRootPart_Torso_.Name = ""
Left_Leg_k4_HumanoidRootPart_Torso_.CFrame = cf(-0.161590, 0.012735, 0.013560, 0.990289, -0.123407, 0.064024, 0.123239, 0.992355, 0.006591, -0.064347, 0.001363, 0.997927)
Left_Leg_k4_HumanoidRootPart_Torso_.Parent = Torso_k4_HumanoidRootPart_Torso



--
 Right_Arm_k4_HumanoidRootPart_Torso_ = Instance.new("Pose")
Right_Arm_k4_HumanoidRootPart_Torso_.Name = ""
Right_Arm_k4_HumanoidRootPart_Torso_.CFrame = cf(0.003494, 0.000080, -0.012696, 0.998230, -0.059118, 0.006479, 0.059289, 0.997774, -0.030516, -0.004661, 0.030846, 0.999513)
Right_Arm_k4_HumanoidRootPart_Torso_.Parent = Torso_k4_HumanoidRootPart_Torso



--Head
 Head_k4_HumanoidRootPart_Torso_Head = Instance.new("Pose")
Head_k4_HumanoidRootPart_Torso_Head.Name = "Head"
Head_k4_HumanoidRootPart_Torso_Head.CFrame = cf(-0.001056, 0.002976, -0.000013, 0.999986, -0.001454, -0.005197, 0.001620, 0.999487, 0.031981, 0.005148, -0.031989, 0.999475)
Head_k4_HumanoidRootPart_Torso_Head.Parent = Torso_k4_HumanoidRootPart_Torso



--
 Left_Arm_k4_HumanoidRootPart_Torso_ = Instance.new("Pose")
Left_Arm_k4_HumanoidRootPart_Torso_.Name = ""
Left_Arm_k4_HumanoidRootPart_Torso_.CFrame = cf(0.013833, -0.000160, -0.004186, 0.999572, 0.023596, 0.017299, -0.023535, 0.999716, -0.003705, -0.017381, 0.003296, 0.999844)
Left_Arm_k4_HumanoidRootPart_Torso_.Parent = Torso_k4_HumanoidRootPart_Torso



--
 Right_Leg_k4_HumanoidRootPart_Torso_ = Instance.new("Pose")
Right_Leg_k4_HumanoidRootPart_Torso_.Name = ""
Right_Leg_k4_HumanoidRootPart_Torso_.CFrame = cf(0.268201, 0.001448, -0.017204, 0.990094, 0.123409, 0.066958, -0.123247, 0.992355, -0.006552, -0.067255, -0.001766, 0.997734)
Right_Leg_k4_HumanoidRootPart_Torso_.Parent = Torso_k4_HumanoidRootPart_Torso



-- Keyframe 5 (Time: 0.13333334028720856)
 keyframe5 = Instance.new("Keyframe")
keyframe5.Time = 0.13333334028720856
keyframe5.Parent = KeyframeSequence

--HumanoidRootPart
 HumanoidRootPart_k5_HumanoidRootPart = Instance.new("Pose")
HumanoidRootPart_k5_HumanoidRootPart.Name = "HumanoidRootPart"
HumanoidRootPart_k5_HumanoidRootPart.CFrame = cf(0.000000, 0.000000, 0.000000, 1.000000, 0.000000, 0.000000, 0.000000, 1.000000, 0.000000, 0.000000, 0.000000, 1.000000)
HumanoidRootPart_k5_HumanoidRootPart.Parent = keyframe5



--Torso
 Torso_k5_HumanoidRootPart_Torso = Instance.new("Pose")
Torso_k5_HumanoidRootPart_Torso.Name = "Torso"
Torso_k5_HumanoidRootPart_Torso.CFrame = cf(-0.000053, -0.011532, -0.007531, 0.999567, 0.028538, 0.007181, -0.028432, 0.999492, -0.014411, -0.007589, 0.014201, 0.999870)
Torso_k5_HumanoidRootPart_Torso.Parent = HumanoidRootPart_k5_HumanoidRootPart



--
 Left_Leg_k5_HumanoidRootPart_Torso_ = Instance.new("Pose")
Left_Leg_k5_HumanoidRootPart_Torso_.Name = ""
Left_Leg_k5_HumanoidRootPart_Torso_.CFrame = cf(-0.088748, 0.012211, 0.009352, 0.995390, -0.071406, 0.064026, 0.070915, 0.997433, 0.009923, -0.064571, -0.005336, 0.997899)
Left_Leg_k5_HumanoidRootPart_Torso_.Parent = Torso_k5_HumanoidRootPart_Torso



--
 Right_Arm_k5_HumanoidRootPart_Torso_ = Instance.new("Pose")
Right_Arm_k5_HumanoidRootPart_Torso_.Name = ""
Right_Arm_k5_HumanoidRootPart_Torso_.CFrame = cf(-0.010799, -0.000144, -0.005511, 0.999496, -0.030407, 0.009181, 0.030569, 0.999371, -0.017989, -0.008629, 0.018261, 0.999796)
Right_Arm_k5_HumanoidRootPart_Torso_.Parent = Torso_k5_HumanoidRootPart_Torso



--Head
 Head_k5_HumanoidRootPart_Torso_Head = Instance.new("Pose")
Head_k5_HumanoidRootPart_Torso_Head.Name = "Head"
Head_k5_HumanoidRootPart_Torso_Head.CFrame = cf(-0.001527, 0.003119, -0.000010, 0.999567, -0.028472, -0.007437, 0.028538, 0.999554, 0.008861, 0.007181, -0.009069, 0.999933)
Head_k5_HumanoidRootPart_Torso_Head.Parent = Torso_k5_HumanoidRootPart_Torso



--
 Left_Arm_k5_HumanoidRootPart_Torso_ = Instance.new("Pose")
Left_Arm_k5_HumanoidRootPart_Torso_.Name = ""
Left_Arm_k5_HumanoidRootPart_Torso_.CFrame = cf(0.014311, -0.000104, -0.011193, 0.999709, 0.023207, 0.006549, -0.023098, 0.999601, -0.016266, -0.006924, 0.016110, 0.999846)
Left_Arm_k5_HumanoidRootPart_Torso_.Parent = Torso_k5_HumanoidRootPart_Torso



--
 Right_Leg_k5_HumanoidRootPart_Torso_ = Instance.new("Pose")
Right_Leg_k5_HumanoidRootPart_Torso_.Name = ""
Right_Leg_k5_HumanoidRootPart_Torso_.CFrame = cf(0.182831, -0.004870, -0.012376, 0.995194, 0.071431, 0.066977, -0.070926, 0.997433, -0.009881, -0.067511, 0.005083, 0.997706)
Right_Leg_k5_HumanoidRootPart_Torso_.Parent = Torso_k5_HumanoidRootPart_Torso



-- Keyframe 6 (Time: 0.1666666716337204)
 keyframe6 = Instance.new("Keyframe")
keyframe6.Time = 0.1666666716337204
keyframe6.Parent = KeyframeSequence

--HumanoidRootPart
 HumanoidRootPart_k6_HumanoidRootPart = Instance.new("Pose")
HumanoidRootPart_k6_HumanoidRootPart.Name = "HumanoidRootPart"
HumanoidRootPart_k6_HumanoidRootPart.CFrame = cf(0.000000, 0.000000, 0.000000, 1.000000, 0.000000, 0.000000, 0.000000, 1.000000, 0.000000, 0.000000, 0.000000, 1.000000)
HumanoidRootPart_k6_HumanoidRootPart.Parent = keyframe6



--Torso
 Torso_k6_HumanoidRootPart_Torso = Instance.new("Pose")
Torso_k6_HumanoidRootPart_Torso.Name = "Torso"
Torso_k6_HumanoidRootPart_Torso.CFrame = cf(0.000103, -0.011890, -0.013341, 0.999961, -0.004031, -0.007923, 0.003912, 0.999882, -0.014863, 0.007982, 0.014831, 0.999858)
Torso_k6_HumanoidRootPart_Torso.Parent = HumanoidRootPart_k6_HumanoidRootPart



--
 Left_Leg_k6_HumanoidRootPart_Torso_ = Instance.new("Pose")
Left_Leg_k6_HumanoidRootPart_Torso_.Name = ""
Left_Leg_k6_HumanoidRootPart_Torso_.CFrame = cf(-0.122257, -0.001069, 0.001824, 0.996672, -0.074003, 0.034190, 0.074450, 0.997153, -0.011991, -0.033205, 0.014496, 0.999344)
Left_Leg_k6_HumanoidRootPart_Torso_.Parent = Torso_k6_HumanoidRootPart_Torso



--
 Right_Arm_k6_HumanoidRootPart_Torso_ = Instance.new("Pose")
Right_Arm_k6_HumanoidRootPart_Torso_.Name = ""
Right_Arm_k6_HumanoidRootPart_Torso_.CFrame = cf(-0.012907, -0.000200, -0.006051, 0.999497, -0.026625, 0.017232, 0.026726, 0.999626, -0.005692, -0.017074, 0.006150, 0.999835)
Right_Arm_k6_HumanoidRootPart_Torso_.Parent = Torso_k6_HumanoidRootPart_Torso



--Head
 Head_k6_HumanoidRootPart_Torso_Head = Instance.new("Pose")
Head_k6_HumanoidRootPart_Torso_Head.Name = "Head"
Head_k6_HumanoidRootPart_Torso_Head.CFrame = cf(0.001595, 0.003237, -0.000021, 0.999961, 0.003727, 0.008070, -0.004031, 0.999272, 0.037952, -0.007923, -0.037983, 0.999247)
Head_k6_HumanoidRootPart_Torso_Head.Parent = Torso_k6_HumanoidRootPart_Torso



--
 Left_Arm_k6_HumanoidRootPart_Torso_ = Instance.new("Pose")
Left_Arm_k6_HumanoidRootPart_Torso_.Name = ""
Left_Arm_k6_HumanoidRootPart_Torso_.CFrame = cf(0.004390, -0.000040, -0.010671, 0.998608, 0.044092, 0.028973, -0.043254, 0.998645, -0.028955, -0.030210, 0.027661, 0.999161)
Left_Arm_k6_HumanoidRootPart_Torso_.Parent = Torso_k6_HumanoidRootPart_Torso



--
 Right_Leg_k6_HumanoidRootPart_Torso_ = Instance.new("Pose")
Right_Leg_k6_HumanoidRootPart_Torso_.Name = ""
Right_Leg_k6_HumanoidRootPart_Torso_.CFrame = cf(0.231762, 0.011931, -0.006069, 0.992004, 0.120651, 0.037050, -0.121174, 0.992556, 0.012218, -0.035300, -0.016610, 0.999239)
Right_Leg_k6_HumanoidRootPart_Torso_.Parent = Torso_k6_HumanoidRootPart_Torso



-- Keyframe 7 (Time: 0.20000000298023224)
 keyframe7 = Instance.new("Keyframe")
keyframe7.Time = 0.20000000298023224
keyframe7.Parent = KeyframeSequence

--HumanoidRootPart
 HumanoidRootPart_k7_HumanoidRootPart = Instance.new("Pose")
HumanoidRootPart_k7_HumanoidRootPart.Name = "HumanoidRootPart"
HumanoidRootPart_k7_HumanoidRootPart.CFrame = cf(0.000000, 0.000000, 0.000000, 1.000000, 0.000000, 0.000000, 0.000000, 1.000000, 0.000000, 0.000000, 0.000000, 1.000000)
HumanoidRootPart_k7_HumanoidRootPart.Parent = keyframe7



--Torso
 Torso_k7_HumanoidRootPart_Torso = Instance.new("Pose")
Torso_k7_HumanoidRootPart_Torso.Name = "Torso"
Torso_k7_HumanoidRootPart_Torso.CFrame = cf(-0.000015, -0.012367, -0.012035, 0.999473, -0.032414, 0.001593, 0.032435, 0.999354, -0.015458, -0.001091, 0.015502, 0.999879)
Torso_k7_HumanoidRootPart_Torso.Parent = HumanoidRootPart_k7_HumanoidRootPart



--
 Left_Leg_k7_HumanoidRootPart_Torso_ = Instance.new("Pose")
Left_Leg_k7_HumanoidRootPart_Torso_.Name = ""
Left_Leg_k7_HumanoidRootPart_Torso_.CFrame = cf(-0.222286, 0.004502, -0.002730, 0.993459, -0.114188, 0.000798, 0.114184, 0.993453, 0.003604, -0.001205, -0.003489, 0.999994)
Left_Leg_k7_HumanoidRootPart_Torso_.Parent = Torso_k7_HumanoidRootPart_Torso



--
 Right_Arm_k7_HumanoidRootPart_Torso_ = Instance.new("Pose")
Right_Arm_k7_HumanoidRootPart_Torso_.Name = ""
Right_Arm_k7_HumanoidRootPart_Torso_.CFrame = cf(-0.025757, 0.000144, -0.002443, 0.999252, -0.000799, -0.038672, 0.000629, 0.999990, -0.004424, 0.038675, 0.004396, 0.999242)
Right_Arm_k7_HumanoidRootPart_Torso_.Parent = Torso_k7_HumanoidRootPart_Torso



--Head
 Head_k7_HumanoidRootPart_Torso_Head = Instance.new("Pose")
Head_k7_HumanoidRootPart_Torso_Head.Name = "Head"
Head_k7_HumanoidRootPart_Torso_Head.CFrame = cf(-0.000206, 0.003372, -0.000022, 0.999042, 0.043772, 0.000557, -0.043736, 0.997515, 0.055236, 0.001862, -0.055208, 0.998473)
Head_k7_HumanoidRootPart_Torso_Head.Parent = Torso_k7_HumanoidRootPart_Torso



--
 Left_Arm_k7_HumanoidRootPart_Torso_ = Instance.new("Pose")
Left_Arm_k7_HumanoidRootPart_Torso_.Name = ""
Left_Arm_k7_HumanoidRootPart_Torso_.CFrame = cf(-0.007608, 0.000187, -0.015006, 0.997238, 0.069266, -0.026817, -0.070039, 0.997121, -0.029068, 0.024726, 0.030866, 0.999218)
Left_Arm_k7_HumanoidRootPart_Torso_.Parent = Torso_k7_HumanoidRootPart_Torso



--
 Right_Leg_k7_HumanoidRootPart_Torso_ = Instance.new("Pose")
Right_Leg_k7_HumanoidRootPart_Torso_.Name = ""
Right_Leg_k7_HumanoidRootPart_Torso_.CFrame = cf(0.113501, 0.007622, -0.003875, 0.997706, 0.067678, 0.001803, -0.067678, 0.997707, 0.000029, -0.001797, -0.000151, 0.999999)
Right_Leg_k7_HumanoidRootPart_Torso_.Parent = Torso_k7_HumanoidRootPart_Torso



-- Keyframe 8 (Time: 0.23333333432674408)
 keyframe8 = Instance.new("Keyframe")
keyframe8.Time = 0.23333333432674408
keyframe8.Parent = KeyframeSequence

--HumanoidRootPart
 HumanoidRootPart_k8_HumanoidRootPart = Instance.new("Pose")
HumanoidRootPart_k8_HumanoidRootPart.Name = "HumanoidRootPart"
HumanoidRootPart_k8_HumanoidRootPart.CFrame = cf(0.000000, 0.000000, 0.000000, 1.000000, 0.000000, 0.000000, 0.000000, 1.000000, 0.000000, 0.000000, 0.000000, 1.000000)
HumanoidRootPart_k8_HumanoidRootPart.Parent = keyframe8



--Torso
 Torso_k8_HumanoidRootPart_Torso = Instance.new("Pose")
Torso_k8_HumanoidRootPart_Torso.Name = "Torso"
Torso_k8_HumanoidRootPart_Torso.CFrame = cf(-0.000099, -0.012714, -0.019136, 0.999882, 0.014628, 0.004711, -0.014551, 0.999768, -0.015894, -0.004943, 0.015824, 0.999863)
Torso_k8_HumanoidRootPart_Torso.Parent = HumanoidRootPart_k8_HumanoidRootPart



--
 Left_Leg_k8_HumanoidRootPart_Torso_ = Instance.new("Pose")
Left_Leg_k8_HumanoidRootPart_Torso_.Name = ""
Left_Leg_k8_HumanoidRootPart_Torso_.CFrame = cf(-0.188590, 0.013166, 0.009005, 0.991895, -0.121246, 0.037987, 0.121085, 0.992621, 0.006526, -0.038498, -0.001873, 0.999257)
Left_Leg_k8_HumanoidRootPart_Torso_.Parent = Torso_k8_HumanoidRootPart_Torso



--
 Right_Arm_k8_HumanoidRootPart_Torso_ = Instance.new("Pose")
Right_Arm_k8_HumanoidRootPart_Torso_.Name = ""
Right_Arm_k8_HumanoidRootPart_Torso_.CFrame = cf(0.001000, 0.000039, -0.012829, 0.998430, -0.056009, -0.000827, 0.055958, 0.997964, -0.030622, 0.002541, 0.030528, 0.999531)
Right_Arm_k8_HumanoidRootPart_Torso_.Parent = Torso_k8_HumanoidRootPart_Torso



--Head
 Head_k8_HumanoidRootPart_Torso_Head = Instance.new("Pose")
Head_k8_HumanoidRootPart_Torso_Head.Name = "Head"
Head_k8_HumanoidRootPart_Torso_Head.CFrame = cf(-0.000985, 0.003439, -0.000020, 0.999677, 0.025031, -0.004370, -0.024866, 0.999103, 0.034274, 0.005224, -0.034155, 0.999403)
Head_k8_HumanoidRootPart_Torso_Head.Parent = Torso_k8_HumanoidRootPart_Torso



--
 Left_Arm_k8_HumanoidRootPart_Torso_ = Instance.new("Pose")
Left_Arm_k8_HumanoidRootPart_Torso_.Name = ""
Left_Arm_k8_HumanoidRootPart_Torso_.CFrame = cf(0.013067, -0.000199, -0.003967, 0.999581, 0.027170, 0.009994, -0.027135, 0.999625, -0.003712, -0.010091, 0.003439, 0.999943)
Left_Arm_k8_HumanoidRootPart_Torso_.Parent = Torso_k8_HumanoidRootPart_Torso



--
 Right_Leg_k8_HumanoidRootPart_Torso_ = Instance.new("Pose")
Right_Leg_k8_HumanoidRootPart_Torso_.Name = ""
Right_Leg_k8_HumanoidRootPart_Torso_.CFrame = cf(0.242704, 0.001955, -0.010548, 0.991777, 0.121258, 0.040926, -0.121094, 0.992620, -0.006480, -0.041409, 0.001471, 0.999141)
Right_Leg_k8_HumanoidRootPart_Torso_.Parent = Torso_k8_HumanoidRootPart_Torso



-- Keyframe 9 (Time: 0.2666666805744171)
 keyframe9 = Instance.new("Keyframe")
keyframe9.Time = 0.2666666805744171
keyframe9.Parent = KeyframeSequence

--HumanoidRootPart
 HumanoidRootPart_k9_HumanoidRootPart = Instance.new("Pose")
HumanoidRootPart_k9_HumanoidRootPart.Name = "HumanoidRootPart"
HumanoidRootPart_k9_HumanoidRootPart.CFrame = cf(0.000000, 0.000000, 0.000000, 1.000000, 0.000000, 0.000000, 0.000000, 1.000000, 0.000000, 0.000000, 0.000000, 1.000000)
HumanoidRootPart_k9_HumanoidRootPart.Parent = keyframe9



--Torso
 Torso_k9_HumanoidRootPart_Torso = Instance.new("Pose")
Torso_k9_HumanoidRootPart_Torso.Name = "Torso"
Torso_k9_HumanoidRootPart_Torso.CFrame = cf(-0.000072, -0.013329, -0.007560, 0.999128, 0.041136, 0.007157, -0.041012, 0.999020, -0.016660, -0.007836, 0.016352, 0.999836)
Torso_k9_HumanoidRootPart_Torso.Parent = HumanoidRootPart_k9_HumanoidRootPart



--
 Left_Leg_k9_HumanoidRootPart_Torso_ = Instance.new("Pose")
Left_Leg_k9_HumanoidRootPart_Torso_.Name = ""
Left_Leg_k9_HumanoidRootPart_Torso_.CFrame = cf(-0.083210, 0.012547, 0.009107, 0.995582, -0.069305, 0.063346, 0.068805, 0.997580, 0.010044, -0.063888, -0.005641, 0.997941)
Left_Leg_k9_HumanoidRootPart_Torso_.Parent = Torso_k9_HumanoidRootPart_Torso



--
 Right_Arm_k9_HumanoidRootPart_Torso_ = Instance.new("Pose")
Right_Arm_k9_HumanoidRootPart_Torso_.Name = ""
Right_Arm_k9_HumanoidRootPart_Torso_.CFrame = cf(-0.010853, -0.000168, -0.005400, 0.999403, -0.032153, 0.012655, 0.032378, 0.999314, -0.017979, -0.012069, 0.018378, 0.999759)
Right_Arm_k9_HumanoidRootPart_Torso_.Parent = Torso_k9_HumanoidRootPart_Torso



--Head
 Head_k9_HumanoidRootPart_Torso_Head = Instance.new("Pose")
Head_k9_HumanoidRootPart_Torso_Head.Name = "Head"
Head_k9_HumanoidRootPart_Torso_Head.CFrame = cf(-0.001578, 0.003541, -0.000019, 0.999128, -0.041054, -0.007616, 0.041136, 0.999093, 0.011014, 0.007157, -0.011318, 0.999911)
Head_k9_HumanoidRootPart_Torso_Head.Parent = Torso_k9_HumanoidRootPart_Torso



--
 Left_Arm_k9_HumanoidRootPart_Torso_ = Instance.new("Pose")
Left_Arm_k9_HumanoidRootPart_Torso_.Name = ""
Left_Arm_k9_HumanoidRootPart_Torso_.CFrame = cf(0.015922, -0.000106, -0.011336, 0.999713, 0.021774, 0.010027, -0.021609, 0.999634, -0.016262, -0.010377, 0.016041, 0.999818)
Left_Arm_k9_HumanoidRootPart_Torso_.Parent = Torso_k9_HumanoidRootPart_Torso



--
 Right_Leg_k9_HumanoidRootPart_Torso_ = Instance.new("Pose")
Right_Leg_k9_HumanoidRootPart_Torso_.Name = ""
Right_Leg_k9_HumanoidRootPart_Torso_.CFrame = cf(0.189204, -0.004628, -0.012532, 0.995390, 0.069330, 0.066279, -0.068817, 0.997579, -0.009996, -0.066812, 0.005389, 0.997751)
Right_Leg_k9_HumanoidRootPart_Torso_.Parent = Torso_k9_HumanoidRootPart_Torso



-- Keyframe 10 (Time: 0.30000001192092896)
 keyframe10 = Instance.new("Keyframe")
keyframe10.Time = 0.30000001192092896
keyframe10.Parent = KeyframeSequence

--HumanoidRootPart
 HumanoidRootPart_k10_HumanoidRootPart = Instance.new("Pose")
HumanoidRootPart_k10_HumanoidRootPart.Name = "HumanoidRootPart"
HumanoidRootPart_k10_HumanoidRootPart.CFrame = cf(0.000000, 0.000000, 0.000000, 1.000000, 0.000000, 0.000000, 0.000000, 1.000000, 0.000000, 0.000000, 0.000000, 1.000000)
HumanoidRootPart_k10_HumanoidRootPart.Parent = keyframe10



--Torso
 Torso_k10_HumanoidRootPart_Torso = Instance.new("Pose")
Torso_k10_HumanoidRootPart_Torso.Name = "Torso"
Torso_k10_HumanoidRootPart_Torso.CFrame = cf(0.000118, -0.013622, -0.013369, 0.999566, 0.028385, -0.007906, -0.028517, 0.999448, -0.017028, 0.007418, 0.017246, 0.999824)
Torso_k10_HumanoidRootPart_Torso.Parent = HumanoidRootPart_k10_HumanoidRootPart



--
 Left_Leg_k10_HumanoidRootPart_Torso_ = Instance.new("Pose")
Left_Leg_k10_HumanoidRootPart_Torso_.Name = ""
Left_Leg_k10_HumanoidRootPart_Torso_.CFrame = cf(-0.094399, -0.000610, 0.004089, 0.995749, -0.071394, 0.058208, 0.072192, 0.997322, -0.011721, -0.057215, 0.015873, 0.998236)
Left_Leg_k10_HumanoidRootPart_Torso_.Parent = Torso_k10_HumanoidRootPart_Torso



--
 Right_Arm_k10_HumanoidRootPart_Torso_ = Instance.new("Pose")
Right_Arm_k10_HumanoidRootPart_Torso_.Name = ""
Right_Arm_k10_HumanoidRootPart_Torso_.CFrame = cf(-0.011812, -0.000238, -0.005816, 0.999179, -0.030945, 0.026172, 0.031104, 0.999500, -0.005687, -0.025983, 0.006497, 0.999642)
Right_Arm_k10_HumanoidRootPart_Torso_.Parent = Torso_k10_HumanoidRootPart_Torso



--Head
 Head_k10_HumanoidRootPart_Torso_Head = Instance.new("Pose")
Head_k10_HumanoidRootPart_Torso_Head.Name = "Head"
Head_k10_HumanoidRootPart_Torso_Head.CFrame = cf(0.001478, 0.003721, -0.000029, 0.999566, -0.028681, 0.006757, 0.028385, 0.998782, 0.040357, -0.007906, -0.040148, 0.999162)
Head_k10_HumanoidRootPart_Torso_Head.Parent = Torso_k10_HumanoidRootPart_Torso



--
 Left_Arm_k10_HumanoidRootPart_Torso_ = Instance.new("Pose")
Left_Arm_k10_HumanoidRootPart_Torso_.Name = ""
Left_Arm_k10_HumanoidRootPart_Torso_.CFrame = cf(0.007269, -0.000055, -0.011008, 0.998471, 0.040268, 0.037877, -0.039180, 0.998810, -0.029039, -0.039001, 0.027511, 0.998861)
Left_Arm_k10_HumanoidRootPart_Torso_.Parent = Torso_k10_HumanoidRootPart_Torso



--
 Right_Leg_k10_HumanoidRootPart_Torso_ = Instance.new("Pose")
Right_Leg_k10_HumanoidRootPart_Torso_.Name = ""
Right_Leg_k10_HumanoidRootPart_Torso_.CFrame = cf(0.260090, 0.012474, -0.012350, 0.991153, 0.117962, 0.060843, -0.118920, 0.992827, 0.012350, -0.058950, -0.019476, 0.998071)
Right_Leg_k10_HumanoidRootPart_Torso_.Parent = Torso_k10_HumanoidRootPart_Torso



-- Keyframe 11 (Time: 0.3333333432674408)
 keyframe11 = Instance.new("Keyframe")
keyframe11.Time = 0.3333333432674408
keyframe11.Parent = KeyframeSequence

--HumanoidRootPart
 HumanoidRootPart_k11_HumanoidRootPart = Instance.new("Pose")
HumanoidRootPart_k11_HumanoidRootPart.Name = "HumanoidRootPart"
HumanoidRootPart_k11_HumanoidRootPart.CFrame = cf(0.000000, 0.000000, 0.000000, 1.000000, 0.000000, 0.000000, 0.000000, 1.000000, 0.000000, 0.000000, 0.000000, 1.000000)
HumanoidRootPart_k11_HumanoidRootPart.Parent = keyframe11



--Torso
 Torso_k11_HumanoidRootPart_Torso = Instance.new("Pose")
Torso_k11_HumanoidRootPart_Torso.Name = "Torso"
Torso_k11_HumanoidRootPart_Torso.CFrame = cf(-0.000023, -0.013954, -0.012061, 0.999991, -0.003957, 0.001583, 0.003984, 0.999840, -0.017444, -0.001513, 0.017450, 0.999847)
Torso_k11_HumanoidRootPart_Torso.Parent = HumanoidRootPart_k11_HumanoidRootPart



--
 Left_Leg_k11_HumanoidRootPart_Torso_ = Instance.new("Pose")
Left_Leg_k11_HumanoidRootPart_Torso_.Name = ""
Left_Leg_k11_HumanoidRootPart_Torso_.CFrame = cf(-0.189443, 0.004902, 0.004578, 0.992929, -0.112234, 0.038689, 0.112180, 0.993681, 0.003583, -0.038847, 0.000782, 0.999245)
Left_Leg_k11_HumanoidRootPart_Torso_.Parent = Torso_k11_HumanoidRootPart_Torso



--
 Right_Arm_k11_HumanoidRootPart_Torso_ = Instance.new("Pose")
Right_Arm_k11_HumanoidRootPart_Torso_.Name = ""
Right_Arm_k11_HumanoidRootPart_Torso_.CFrame = cf(-0.024752, 0.000061, -0.002114, 0.999513, -0.004572, -0.030867, 0.004434, 0.999980, -0.004528, 0.030887, 0.004388, 0.999514)
Right_Arm_k11_HumanoidRootPart_Torso_.Parent = Torso_k11_HumanoidRootPart_Torso



--Head
 Head_k11_HumanoidRootPart_Torso_Head = Instance.new("Pose")
Head_k11_HumanoidRootPart_Torso_Head.Name = "Head"
Head_k11_HumanoidRootPart_Torso_Head.CFrame = cf(-0.000306, 0.003758, -0.000029, 0.999882, 0.015368, -0.000997, -0.015286, 0.998245, 0.057212, 0.001875, -0.057190, 0.998361)
Head_k11_HumanoidRootPart_Torso_Head.Parent = Torso_k11_HumanoidRootPart_Torso



--
 Left_Arm_k11_HumanoidRootPart_Torso_ = Instance.new("Pose")
Left_Arm_k11_HumanoidRootPart_Torso_.Name = ""
Left_Arm_k11_HumanoidRootPart_Torso_.CFrame = cf(-0.005135, 0.000125, -0.015101, 0.997647, 0.065892, -0.018969, -0.066428, 0.997364, -0.029196, 0.016995, 0.030388, 0.999394)
Left_Arm_k11_HumanoidRootPart_Torso_.Parent = Torso_k11_HumanoidRootPart_Torso



--
 Right_Leg_k11_HumanoidRootPart_Torso_ = Instance.new("Pose")
Right_Leg_k11_HumanoidRootPart_Torso_.Name = ""
Right_Leg_k11_HumanoidRootPart_Torso_.CFrame = cf(0.146728, 0.008109, -0.009192, 0.997064, 0.065631, 0.039452, -0.065701, 0.997839, 0.000483, -0.039335, -0.003074, 0.999222)
Right_Leg_k11_HumanoidRootPart_Torso_.Parent = Torso_k11_HumanoidRootPart_Torso



-- Keyframe 12 (Time: 0.36666667461395264)
 keyframe12 = Instance.new("Keyframe")
keyframe12.Time = 0.36666667461395264
keyframe12.Parent = KeyframeSequence

--HumanoidRootPart
 HumanoidRootPart_k12_HumanoidRootPart = Instance.new("Pose")
HumanoidRootPart_k12_HumanoidRootPart.Name = "HumanoidRootPart"
HumanoidRootPart_k12_HumanoidRootPart.CFrame = cf(0.000000, 0.000000, 0.000000, 1.000000, 0.000000, 0.000000, 0.000000, 1.000000, 0.000000, 0.000000, 0.000000, 1.000000)
HumanoidRootPart_k12_HumanoidRootPart.Parent = keyframe12



--Torso
 Torso_k12_HumanoidRootPart_Torso = Instance.new("Pose")
Torso_k12_HumanoidRootPart_Torso.Name = "Torso"
Torso_k12_HumanoidRootPart_Torso.CFrame = cf(-0.000099, -0.014034, -0.019158, 0.999465, -0.032376, 0.004709, 0.032454, 0.999319, -0.017540, -0.004138, 0.017683, 0.999835)
Torso_k12_HumanoidRootPart_Torso.Parent = HumanoidRootPart_k12_HumanoidRootPart



--
 Left_Leg_k12_HumanoidRootPart_Torso_ = Instance.new("Pose")
Left_Leg_k12_HumanoidRootPart_Torso_.Name = ""
Left_Leg_k12_HumanoidRootPart_Torso_.CFrame = cf(-0.230473, 0.013413, 0.001414, 0.992844, -0.119396, 0.002281, 0.119380, 0.992829, 0.006285, -0.003015, -0.005968, 0.999978)
Left_Leg_k12_HumanoidRootPart_Torso_.Parent = Torso_k12_HumanoidRootPart_Torso



--
 Right_Arm_k12_HumanoidRootPart_Torso_ = Instance.new("Pose")
Right_Arm_k12_HumanoidRootPart_Torso_.Name = ""
Right_Arm_k12_HumanoidRootPart_Torso_.CFrame = cf(-0.002564, -0.000008, -0.013186, 0.998638, -0.050320, -0.013805, 0.049876, 0.998281, -0.030782, 0.015330, 0.030051, 0.999431)
Right_Arm_k12_HumanoidRootPart_Torso_.Parent = Torso_k12_HumanoidRootPart_Torso



--Head
 Head_k12_HumanoidRootPart_Torso_Head = Instance.new("Pose")
Head_k12_HumanoidRootPart_Torso_Head.Name = "Head"
Head_k12_HumanoidRootPart_Torso_Head.CFrame = cf(-0.000809, 0.003812, -0.000026, 0.997404, 0.071960, -0.002699, -0.071816, 0.996765, 0.036086, 0.005287, -0.035798, 0.999345)
Head_k12_HumanoidRootPart_Torso_Head.Parent = Torso_k12_HumanoidRootPart_Torso



--
 Left_Arm_k12_HumanoidRootPart_Torso_ = Instance.new("Pose")
Left_Arm_k12_HumanoidRootPart_Torso_.Name = ""
Left_Arm_k12_HumanoidRootPart_Torso_.CFrame = cf(0.010849, -0.000240, -0.003552, 0.999440, 0.033344, -0.002964, -0.033355, 0.999437, -0.003705, 0.002839, 0.003802, 0.999989)
Left_Arm_k12_HumanoidRootPart_Torso_.Parent = Torso_k12_HumanoidRootPart_Torso



--
 Right_Leg_k12_HumanoidRootPart_Torso_ = Instance.new("Pose")
Right_Leg_k12_HumanoidRootPart_Torso_.Name = ""
Right_Leg_k12_HumanoidRootPart_Torso_.CFrame = cf(0.201904, 0.002448, -0.002604, 0.992830, 0.119422, 0.005234, -0.119389, 0.992828, -0.006235, -0.005941, 0.005565, 0.999967)
Right_Leg_k12_HumanoidRootPart_Torso_.Parent = Torso_k12_HumanoidRootPart_Torso



-- Keyframe 13 (Time: 0.4000000059604645)
 keyframe13 = Instance.new("Keyframe")
keyframe13.Time = 0.4000000059604645
keyframe13.Parent = KeyframeSequence

--HumanoidRootPart
 HumanoidRootPart_k13_HumanoidRootPart = Instance.new("Pose")
HumanoidRootPart_k13_HumanoidRootPart.Name = "HumanoidRootPart"
HumanoidRootPart_k13_HumanoidRootPart.CFrame = cf(0.000000, 0.000000, 0.000000, 1.000000, 0.000000, 0.000000, 0.000000, 1.000000, 0.000000, 0.000000, 0.000000, 1.000000)
HumanoidRootPart_k13_HumanoidRootPart.Parent = keyframe13



--Torso
 Torso_k13_HumanoidRootPart_Torso = Instance.new("Pose")
Torso_k13_HumanoidRootPart_Torso.Name = "Torso"
Torso_k13_HumanoidRootPart_Torso.CFrame = cf(-0.000076, -0.014297, -0.007576, 0.999867, 0.014659, 0.007151, -0.014530, 0.999735, -0.017873, -0.007411, 0.017767, 0.999815)
Torso_k13_HumanoidRootPart_Torso.Parent = HumanoidRootPart_k13_HumanoidRootPart



--
 Left_Leg_k13_HumanoidRootPart_Torso_ = Instance.new("Pose")
Left_Leg_k13_HumanoidRootPart_Torso_.Name = ""
Left_Leg_k13_HumanoidRootPart_Torso_.CFrame = cf(-0.108628, 0.012668, 0.006889, 0.996894, -0.067911, 0.039888, 0.067565, 0.997665, 0.009956, -0.040471, -0.007230, 0.999155)
Left_Leg_k13_HumanoidRootPart_Torso_.Parent = Torso_k13_HumanoidRootPart_Torso



--
 Right_Arm_k13_HumanoidRootPart_Torso_ = Instance.new("Pose")
Right_Arm_k13_HumanoidRootPart_Torso_.Name = ""
Right_Arm_k13_HumanoidRootPart_Torso_.CFrame = cf(-0.013025, -0.000160, -0.005611, 0.999567, -0.028933, 0.005372, 0.029025, 0.999417, -0.017994, -0.004849, 0.018142, 0.999824)
Right_Arm_k13_HumanoidRootPart_Torso_.Parent = Torso_k13_HumanoidRootPart_Torso



--Head
 Head_k13_HumanoidRootPart_Torso_Head = Instance.new("Pose")
Head_k13_HumanoidRootPart_Torso_Head.Name = "Head"
Head_k13_HumanoidRootPart_Torso_Head.CFrame = cf(-0.001487, 0.003828, -0.000024, 0.999867, -0.014569, -0.007333, 0.014659, 0.999815, 0.012425, 0.007151, -0.012531, 0.999896)
Head_k13_HumanoidRootPart_Torso_Head.Parent = Torso_k13_HumanoidRootPart_Torso



--
 Left_Arm_k13_HumanoidRootPart_Torso_ = Instance.new("Pose")
Left_Arm_k13_HumanoidRootPart_Torso_.Name = ""
Left_Arm_k13_HumanoidRootPart_Torso_.CFrame = cf(0.014834, -0.000144, -0.011088, 0.999678, 0.025238, 0.002696, -0.025190, 0.999550, -0.016267, -0.003106, 0.016194, 0.999864)
Left_Arm_k13_HumanoidRootPart_Torso_.Parent = Torso_k13_HumanoidRootPart_Torso



--
 Right_Leg_k13_HumanoidRootPart_Torso_ = Instance.new("Pose")
Right_Leg_k13_HumanoidRootPart_Torso_.Name = ""
Right_Leg_k13_HumanoidRootPart_Torso_.CFrame = cf(0.164703, -0.004410, -0.008325, 0.996770, 0.067942, 0.042827, -0.067577, 0.997665, -0.009905, -0.043400, 0.006978, 0.999034)
Right_Leg_k13_HumanoidRootPart_Torso_.Parent = Torso_k13_HumanoidRootPart_Torso



-- Keyframe 14 (Time: 0.4333333373069763)
 keyframe14 = Instance.new("Keyframe")
keyframe14.Time = 0.4333333373069763
keyframe14.Parent = KeyframeSequence

--HumanoidRootPart
 HumanoidRootPart_k14_HumanoidRootPart = Instance.new("Pose")
HumanoidRootPart_k14_HumanoidRootPart.Name = "HumanoidRootPart"
HumanoidRootPart_k14_HumanoidRootPart.CFrame = cf(0.000000, 0.000000, 0.000000, 1.000000, 0.000000, 0.000000, 0.000000, 1.000000, 0.000000, 0.000000, 0.000000, 1.000000)
HumanoidRootPart_k14_HumanoidRootPart.Parent = keyframe14



--Torso
 Torso_k14_HumanoidRootPart_Torso = Instance.new("Pose")
Torso_k14_HumanoidRootPart_Torso.Name = "Torso"
Torso_k14_HumanoidRootPart_Torso.CFrame = cf(0.000122, -0.014141, -0.013377, 0.999130, 0.040946, -0.007901, -0.041080, 0.998999, -0.017677, 0.007169, 0.017986, 0.999813)
Torso_k14_HumanoidRootPart_Torso.Parent = HumanoidRootPart_k14_HumanoidRootPart



--
 Left_Leg_k14_HumanoidRootPart_Torso_ = Instance.new("Pose")
Left_Leg_k14_HumanoidRootPart_Torso_.Name = ""
Left_Leg_k14_HumanoidRootPart_Torso_.CFrame = cf(-0.086016, -0.000344, 0.004074, 0.995534, -0.070603, 0.062672, 0.071451, 0.997379, -0.011404, -0.061703, 0.015831, 0.997969)
Left_Leg_k14_HumanoidRootPart_Torso_.Parent = Torso_k14_HumanoidRootPart_Torso



--
 Right_Arm_k14_HumanoidRootPart_Torso_ = Instance.new("Pose")
Right_Arm_k14_HumanoidRootPart_Torso_.Name = ""
Right_Arm_k14_HumanoidRootPart_Torso_.CFrame = cf(-0.011322, -0.000249, -0.005714, 0.999029, -0.032601, 0.029632, 0.032783, 0.999447, -0.005684, -0.029431, 0.006650, 0.999545)
Right_Arm_k14_HumanoidRootPart_Torso_.Parent = Torso_k14_HumanoidRootPart_Torso



--Head
 Head_k14_HumanoidRootPart_Torso_Head = Instance.new("Pose")
Head_k14_HumanoidRootPart_Torso_Head.Name = "Head"
Head_k14_HumanoidRootPart_Torso_Head.CFrame = cf(0.001423, 0.003871, -0.000031, 0.999130, -0.041235, 0.006217, 0.040946, 0.998316, 0.041086, -0.007901, -0.040796, 0.999137)
Head_k14_HumanoidRootPart_Torso_Head.Parent = Torso_k14_HumanoidRootPart_Torso



--
 Left_Arm_k14_HumanoidRootPart_Torso_ = Instance.new("Pose")
Left_Arm_k14_HumanoidRootPart_Torso_.Name = ""
Left_Arm_k14_HumanoidRootPart_Torso_.CFrame = cf(0.008315, -0.000057, -0.011160, 0.998393, 0.038774, 0.041325, -0.037589, 0.998871, -0.029066, -0.042406, 0.027466, 0.998723)
Left_Arm_k14_HumanoidRootPart_Torso_.Parent = Torso_k14_HumanoidRootPart_Torso



--
 Right_Leg_k14_HumanoidRootPart_Torso_ = Instance.new("Pose")
Right_Leg_k14_HumanoidRootPart_Torso_.Name = ""
Right_Leg_k14_HumanoidRootPart_Torso_.CFrame = cf(0.268566, 0.012663, -0.013982, 0.990982, 0.117129, 0.065089, -0.118173, 0.992915, 0.012417, -0.063173, -0.019997, 0.997802)
Right_Leg_k14_HumanoidRootPart_Torso_.Parent = Torso_k14_HumanoidRootPart_Torso



-- Keyframe 15 (Time: 0.46666666865348816)
 keyframe15 = Instance.new("Keyframe")
keyframe15.Time = 0.46666666865348816
keyframe15.Parent = KeyframeSequence

--HumanoidRootPart
 HumanoidRootPart_k15_HumanoidRootPart = Instance.new("Pose")
HumanoidRootPart_k15_HumanoidRootPart.Name = "HumanoidRootPart"
HumanoidRootPart_k15_HumanoidRootPart.CFrame = cf(0.000000, 0.000000, 0.000000, 1.000000, 0.000000, 0.000000, 0.000000, 1.000000, 0.000000, 0.000000, 0.000000, 1.000000)
HumanoidRootPart_k15_HumanoidRootPart.Parent = keyframe15



--Torso
 Torso_k15_HumanoidRootPart_Torso = Instance.new("Pose")
Torso_k15_HumanoidRootPart_Torso.Name = "Torso"
Torso_k15_HumanoidRootPart_Torso.CFrame = cf(-0.000027, -0.014019, -0.012062, 0.999593, 0.028485, 0.001576, -0.028453, 0.999442, -0.017523, -0.002074, 0.017471, 0.999845)
Torso_k15_HumanoidRootPart_Torso.Parent = HumanoidRootPart_k15_HumanoidRootPart



--
 Left_Leg_k15_HumanoidRootPart_Torso_ = Instance.new("Pose")
Left_Leg_k15_HumanoidRootPart_Torso_.Name = ""
Left_Leg_k15_HumanoidRootPart_Torso_.CFrame = cf(-0.160762, 0.004883, 0.009176, 0.991677, -0.112127, 0.063283, 0.112129, 0.993687, 0.003528, -0.063279, 0.003597, 0.997990)
Left_Leg_k15_HumanoidRootPart_Torso_.Parent = Torso_k15_HumanoidRootPart_Torso



--
 Right_Arm_k15_HumanoidRootPart_Torso_ = Instance.new("Pose")
Right_Arm_k15_HumanoidRootPart_Torso_.Name = ""
Right_Arm_k15_HumanoidRootPart_Torso_.CFrame = cf(-0.022748, -0.000009, -0.001719, 0.999721, -0.008713, -0.021964, 0.008614, 0.999952, -0.004619, 0.022003, 0.004429, 0.999749)
Right_Arm_k15_HumanoidRootPart_Torso_.Parent = Torso_k15_HumanoidRootPart_Torso



--Head
