-- KeyframeSequence Export: Updated Default Dance
-- Generated on 2026-04-02 17:17:26

local KeyframeSequence = Instance.new("KeyframeSequence")
KeyframeSequence.Name = "Updated Default Dance"
local cf=CFrame.new

-- Keyframe 1 (Time: 0)
 keyframe1 = Instance.new("Keyframe")
keyframe1.Time = 0
keyframe1.Parent = KeyframeSequence

--HumanoidRootPart
HumanoidRootPart_k1_HumanoidRootPart = Instance.new("Pose")
HumanoidRootPart_k1_HumanoidRootPart.Name = "HumanoidRootPart"
HumanoidRootPart_k1_HumanoidRootPart.CFrame = cf(0.000000, 0.000000, 0.000000, 1.000000, 0.000000, 0.000000, 0.000000, 1.000000, 0.000000, 0.000000, 0.000000, 1.000000)
HumanoidRootPart_k1_HumanoidRootPart.Parent = keyframe1



--Torso
Torso_k1_HumanoidRootPart_Torso = Instance.new("Pose")
Torso_k1_HumanoidRootPart_Torso.Name = "Torso"
Torso_k1_HumanoidRootPart_Torso.CFrame = cf(0.129406, -0.057171, -0.350943, 0.998392, 0.042730, 0.037253, -0.039989, 0.996641, -0.071464, -0.040181, 0.069860, 0.996747)
Torso_k1_HumanoidRootPart_Torso.Parent = HumanoidRootPart_k1_HumanoidRootPart



--Right Arm
Right_Arm_k1_HumanoidRootPart_Torso_Right_Arm = Instance.new("Pose")
Right_Arm_k1_HumanoidRootPart_Torso_Right_Arm.Name = "Right Arm"
Right_Arm_k1_HumanoidRootPart_Torso_Right_Arm.CFrame = cf(-0.368863, -0.273982, 0.115551, 0.877880, -0.365138, 0.309838, 0.233838, 0.891481, 0.388048, -0.417906, -0.268208, 0.867997)
Right_Arm_k1_HumanoidRootPart_Torso_Right_Arm.Parent = Torso_k1_HumanoidRootPart_Torso



--Left Arm
Left_Arm_k1_HumanoidRootPart_Torso_Left_Arm = Instance.new("Pose")
Left_Arm_k1_HumanoidRootPart_Torso_Left_Arm.Name = "Left Arm"
Left_Arm_k1_HumanoidRootPart_Torso_Left_Arm.CFrame = cf(-0.004369, -0.146304, 0.152584, 0.776230, 0.580201, 0.246646, -0.611167, 0.596494, 0.520259, 0.154731, -0.554583, 0.817616)
Left_Arm_k1_HumanoidRootPart_Torso_Left_Arm.Parent = Torso_k1_HumanoidRootPart_Torso



--Right Leg
Right_Leg_k1_HumanoidRootPart_Torso_Right_Leg = Instance.new("Pose")
Right_Leg_k1_HumanoidRootPart_Torso_Right_Leg.Name = "Right Leg"
Right_Leg_k1_HumanoidRootPart_Torso_Right_Leg.CFrame = cf(0.577422, 0.004789, 0.164043, 0.733523, 0.628773, -0.258049, -0.599915, 0.777421, 0.188995, 0.319447, 0.016175, 0.947466)
Right_Leg_k1_HumanoidRootPart_Torso_Right_Leg.Parent = Torso_k1_HumanoidRootPart_Torso



--Left Leg
Left_Leg_k1_HumanoidRootPart_Torso_Left_Leg = Instance.new("Pose")
Left_Leg_k1_HumanoidRootPart_Torso_Left_Leg.Name = "Left Leg"
Left_Leg_k1_HumanoidRootPart_Torso_Left_Leg.CFrame = cf(-0.691780, 0.465182, -0.168736, 0.991799, -0.105239, -0.072520, 0.120006, 0.962024, 0.245170, 0.043965, -0.251862, 0.966764)
Left_Leg_k1_HumanoidRootPart_Torso_Left_Leg.Parent = Torso_k1_HumanoidRootPart_Torso



--Head
Head_k1_HumanoidRootPart_Torso_Head = Instance.new("Pose")
Head_k1_HumanoidRootPart_Torso_Head.Name = "Head"
Head_k1_HumanoidRootPart_Torso_Head.CFrame = cf(0.000000, -0.000000, -0.000000, 0.976749, -0.178955, -0.118056, 0.185501, 0.981523, 0.046928, 0.107477, -0.067736, 0.991897)
Head_k1_HumanoidRootPart_Torso_Head.Parent = Torso_k1_HumanoidRootPart_Torso



-- Keyframe 2 (Time: 0.01666666753590107)
 keyframe2 = Instance.new("Keyframe")
keyframe2.Time = 0.01666666753590107
keyframe2.Parent = KeyframeSequence

--HumanoidRootPart
HumanoidRootPart_k2_HumanoidRootPart = Instance.new("Pose")
HumanoidRootPart_k2_HumanoidRootPart.Name = "HumanoidRootPart"
HumanoidRootPart_k2_HumanoidRootPart.CFrame = cf(0.000000, 0.000000, 0.000000, 1.000000, 0.000000, 0.000000, 0.000000, 1.000000, 0.000000, 0.000000, 0.000000, 1.000000)
HumanoidRootPart_k2_HumanoidRootPart.Parent = keyframe2



--Torso
Torso_k2_HumanoidRootPart_Torso = Instance.new("Pose")
Torso_k2_HumanoidRootPart_Torso.Name = "Torso"
Torso_k2_HumanoidRootPart_Torso.CFrame = cf(0.116878, -0.064321, -0.351466, 0.999022, 0.027623, 0.034524, -0.024962, 0.996851, -0.075266, -0.036494, 0.074331, 0.996566)
Torso_k2_HumanoidRootPart_Torso.Parent = HumanoidRootPart_k2_HumanoidRootPart



--Right Arm
Right_Arm_k2_HumanoidRootPart_Torso_Right_Arm = Instance.new("Pose")
Right_Arm_k2_HumanoidRootPart_Torso_Right_Arm.Name = "Right Arm"
Right_Arm_k2_HumanoidRootPart_Torso_Right_Arm.CFrame = cf(-0.351082, -0.294449, 0.115166, 0.869340, -0.414072, 0.269802, 0.282250, 0.864107, 0.416719, -0.405689, -0.286118, 0.868074)
Right_Arm_k2_HumanoidRootPart_Torso_Right_Arm.Parent = Torso_k2_HumanoidRootPart_Torso



--Left Arm
Left_Arm_k2_HumanoidRootPart_Torso_Left_Arm = Instance.new("Pose")
Left_Arm_k2_HumanoidRootPart_Torso_Left_Arm.Name = "Left Arm"
Left_Arm_k2_HumanoidRootPart_Torso_Left_Arm.CFrame = cf(-0.015053, -0.171469, 0.152271, 0.756820, 0.597355, 0.265314, -0.634746, 0.574840, 0.516387, 0.155953, -0.559219, 0.814219)
Left_Arm_k2_HumanoidRootPart_Torso_Left_Arm.Parent = Torso_k2_HumanoidRootPart_Torso



--Right Leg
Right_Leg_k2_HumanoidRootPart_Torso_Right_Leg = Instance.new("Pose")
Right_Leg_k2_HumanoidRootPart_Torso_Right_Leg.Name = "Right Leg"
Right_Leg_k2_HumanoidRootPart_Torso_Right_Leg.CFrame = cf(0.566009, -0.000243, 0.174013, 0.725582, 0.631456, -0.273485, -0.604077, 0.774831, 0.186353, 0.329579, 0.029992, 0.943652)
Right_Leg_k2_HumanoidRootPart_Torso_Right_Leg.Parent = Torso_k2_HumanoidRootPart_Torso



--Left Leg
Left_Leg_k2_HumanoidRootPart_Torso_Left_Leg = Instance.new("Pose")
Left_Leg_k2_HumanoidRootPart_Torso_Left_Leg.Name = "Left Leg"
Left_Leg_k2_HumanoidRootPart_Torso_Left_Leg.CFrame = cf(-0.696835, 0.466844, -0.183078, 0.991751, -0.097224, -0.083533, 0.115381, 0.960986, 0.251384, 0.055834, -0.258948, 0.964276)
Left_Leg_k2_HumanoidRootPart_Torso_Left_Leg.Parent = Torso_k2_HumanoidRootPart_Torso



--Head
Head_k2_HumanoidRootPart_Torso_Head = Instance.new("Pose")
Head_k2_HumanoidRootPart_Torso_Head.Name = "Head"
Head_k2_HumanoidRootPart_Torso_Head.CFrame = cf(0.000000, 0.000000, 0.000000, 0.981243, -0.153854, -0.116148, 0.160392, 0.985828, 0.049160, 0.106939, -0.066867, 0.992015)
Head_k2_HumanoidRootPart_Torso_Head.Parent = Torso_k2_HumanoidRootPart_Torso



-- Keyframe 3 (Time: 0.03333333507180214)
 keyframe3 = Instance.new("Keyframe")
keyframe3.Time = 0.03333333507180214
keyframe3.Parent = KeyframeSequence

--HumanoidRootPart
HumanoidRootPart_k3_HumanoidRootPart = Instance.new("Pose")
HumanoidRootPart_k3_HumanoidRootPart.Name = "HumanoidRootPart"
HumanoidRootPart_k3_HumanoidRootPart.CFrame = cf(0.000000, 0.000000, 0.000000, 1.000000, 0.000000, 0.000000, 0.000000, 1.000000, 0.000000, 0.000000, 0.000000, 1.000000)
HumanoidRootPart_k3_HumanoidRootPart.Parent = keyframe3



--Torso
Torso_k3_HumanoidRootPart_Torso = Instance.new("Pose")
Torso_k3_HumanoidRootPart_Torso.Name = "Torso"
Torso_k3_HumanoidRootPart_Torso.CFrame = cf(0.103753, -0.077985, -0.353044, 0.999395, 0.015088, 0.031328, -0.012604, 0.996870, -0.078050, -0.032407, 0.077608, 0.996457)
Torso_k3_HumanoidRootPart_Torso.Parent = HumanoidRootPart_k3_HumanoidRootPart



--Right Arm
Right_Arm_k3_HumanoidRootPart_Torso_Right_Arm = Instance.new("Pose")
Right_Arm_k3_HumanoidRootPart_Torso_Right_Arm.Name = "Right Arm"
Right_Arm_k3_HumanoidRootPart_Torso_Right_Arm.CFrame = cf(-0.301920, -0.347233, 0.112469, 0.826065, -0.544093, 0.146897, 0.419720, 0.767889, 0.483923, -0.376100, -0.338096, 0.862693)
Right_Arm_k3_HumanoidRootPart_Torso_Right_Arm.Parent = Torso_k3_HumanoidRootPart_Torso



--Left Arm
Left_Arm_k3_HumanoidRootPart_Torso_Left_Arm = Instance.new("Pose")
Left_Arm_k3_HumanoidRootPart_Torso_Left_Arm.Name = "Left Arm"
Left_Arm_k3_HumanoidRootPart_Torso_Left_Arm.CFrame = cf(-0.044304, -0.236370, 0.150082, 0.698880, 0.642028, 0.315225, -0.696826, 0.511835, 0.502452, 0.161245, -0.570811, 0.805093)
Left_Arm_k3_HumanoidRootPart_Torso_Left_Arm.Parent = Torso_k3_HumanoidRootPart_Torso



--Right Leg
Right_Leg_k3_HumanoidRootPart_Torso_Right_Leg = Instance.new("Pose")
Right_Leg_k3_HumanoidRootPart_Torso_Right_Leg.Name = "Right Leg"
Right_Leg_k3_HumanoidRootPart_Torso_Right_Leg.CFrame = cf(0.553231, -0.007532, 0.183625, 0.714594, 0.637343, -0.288356, -0.610935, 0.769388, 0.186549, 0.340754, 0.042860, 0.939175)
Right_Leg_k3_HumanoidRootPart_Torso_Right_Leg.Parent = Torso_k3_HumanoidRootPart_Torso



--Left Leg
Left_Leg_k3_HumanoidRootPart_Torso_Left_Leg = Instance.new("Pose")
Left_Leg_k3_HumanoidRootPart_Torso_Left_Leg.Name = "Left Leg"
Left_Leg_k3_HumanoidRootPart_Torso_Left_Leg.CFrame = cf(-0.706339, 0.466123, -0.195750, 0.990813, -0.098894, -0.092248, 0.119627, 0.959048, 0.256741, 0.063080, -0.265418, 0.962068)
Left_Leg_k3_HumanoidRootPart_Torso_Left_Leg.Parent = Torso_k3_HumanoidRootPart_Torso



--Head
Head_k3_HumanoidRootPart_Torso_Head = Instance.new("Pose")
Head_k3_HumanoidRootPart_Torso_Head.Name = "Head"
Head_k3_HumanoidRootPart_Torso_Head.CFrame = cf(0.000000, 0.000000, -0.000000, 0.985640, -0.126676, -0.111652, 0.133177, 0.989685, 0.052801, 0.103811, -0.066912, 0.992344)
Head_k3_HumanoidRootPart_Torso_Head.Parent = Torso_k3_HumanoidRootPart_Torso



-- Keyframe 4 (Time: 0.05000000074505806)
 keyframe4 = Instance.new("Keyframe")
keyframe4.Time = 0.05000000074505806
keyframe4.Parent = KeyframeSequence

--HumanoidRootPart
HumanoidRootPart_k4_HumanoidRootPart = Instance.new("Pose")
HumanoidRootPart_k4_HumanoidRootPart.Name = "HumanoidRootPart"
HumanoidRootPart_k4_HumanoidRootPart.CFrame = cf(0.000000, 0.000000, 0.000000, 1.000000, 0.000000, 0.000000, 0.000000, 1.000000, 0.000000, 0.000000, 0.000000, 1.000000)
HumanoidRootPart_k4_HumanoidRootPart.Parent = keyframe4



--Torso
Torso_k4_HumanoidRootPart_Torso = Instance.new("Pose")
Torso_k4_HumanoidRootPart_Torso.Name = "Torso"
Torso_k4_HumanoidRootPart_Torso.CFrame = cf(0.090259, -0.097125, -0.356237, 0.999604, 0.004862, 0.027721, -0.002625, 0.996776, -0.080186, -0.028022, 0.080081, 0.996394)
Torso_k4_HumanoidRootPart_Torso.Parent = HumanoidRootPart_k4_HumanoidRootPart



--Right Arm
Right_Arm_k4_HumanoidRootPart_Torso_Right_Arm = Instance.new("Pose")
Right_Arm_k4_HumanoidRootPart_Torso_Right_Arm.Name = "Right Arm"
Right_Arm_k4_HumanoidRootPart_Torso_Right_Arm.CFrame = cf(-0.227651, -0.419408, 0.105150, 0.701050, -0.709937, -0.067219, 0.623431, 0.564394, 0.541104, -0.346212, -0.421247, 0.838265)
Right_Arm_k4_HumanoidRootPart_Torso_Right_Arm.Parent = Torso_k4_HumanoidRootPart_Torso



--Left Arm
Left_Arm_k4_HumanoidRootPart_Torso_Left_Arm = Instance.new("Pose")
Left_Arm_k4_HumanoidRootPart_Torso_Left_Arm.Name = "Left Arm"
Left_Arm_k4_HumanoidRootPart_Torso_Left_Arm.CFrame = cf(-0.087923, -0.325110, 0.144139, 0.599707, 0.700792, 0.386319, -0.781155, 0.407928, 0.472643, 0.173634, -0.585223, 0.792064)
Left_Arm_k4_HumanoidRootPart_Torso_Left_Arm.Parent = Torso_k4_HumanoidRootPart_Torso



--Right Leg
Right_Leg_k4_HumanoidRootPart_Torso_Right_Leg = Instance.new("Pose")
Right_Leg_k4_HumanoidRootPart_Torso_Right_Leg.Name = "Right Leg"
Right_Leg_k4_HumanoidRootPart_Torso_Right_Leg.CFrame = cf(0.539771, -0.016177, 0.192899, 0.700892, 0.645884, -0.302628, -0.619948, 0.761458, 0.189332, 0.352725, 0.054912, 0.934115)
Right_Leg_k4_HumanoidRootPart_Torso_Right_Leg.Parent = Torso_k4_HumanoidRootPart_Torso



--Left Leg
Left_Leg_k4_HumanoidRootPart_Torso_Left_Leg = Instance.new("Pose")
Left_Leg_k4_HumanoidRootPart_Torso_Left_Leg.Name = "Left Leg"
Left_Leg_k4_HumanoidRootPart_Torso_Left_Leg.CFrame = cf(-0.719658, 0.464040, -0.207162, 0.989156, -0.108625, -0.098853, 0.131142, 0.956267, 0.261449, 0.066130, -0.271578, 0.960142)
Left_Leg_k4_HumanoidRootPart_Torso_Left_Leg.Parent = Torso_k4_HumanoidRootPart_Torso



--Head
Head_k4_HumanoidRootPart_Torso_Head = Instance.new("Pose")
Head_k4_HumanoidRootPart_Torso_Head.Name = "Head"
Head_k4_HumanoidRootPart_Torso_Head.CFrame = cf(0.000000, 0.000000, -0.000000, 0.989625, -0.098095, -0.104974, 0.104535, 0.992846, 0.057700, 0.098563, -0.068075, 0.992800)
Head_k4_HumanoidRootPart_Torso_Head.Parent = Torso_k4_HumanoidRootPart_Torso



-- Keyframe 5 (Time: 0.06666667014360428)
 keyframe5 = Instance.new("Keyframe")
keyframe5.Time = 0.06666667014360428
keyframe5.Parent = KeyframeSequence

--HumanoidRootPart
HumanoidRootPart_k5_HumanoidRootPart = Instance.new("Pose")
HumanoidRootPart_k5_HumanoidRootPart.Name = "HumanoidRootPart"
HumanoidRootPart_k5_HumanoidRootPart.CFrame = cf(0.000000, 0.000000, 0.000000, 1.000000, 0.000000, 0.000000, 0.000000, 1.000000, 0.000000, 0.000000, 0.000000, 1.000000)
HumanoidRootPart_k5_HumanoidRootPart.Parent = keyframe5



--Torso
Torso_k5_HumanoidRootPart_Torso = Instance.new("Pose")
Torso_k5_HumanoidRootPart_Torso.Name = "Torso"
Torso_k5_HumanoidRootPart_Torso.CFrame = cf(0.076636, -0.120704, -0.361612, 0.999712, -0.003324, 0.023776, 0.005264, 0.996615, -0.082039, -0.023422, 0.082140, 0.996346)
Torso_k5_HumanoidRootPart_Torso.Parent = HumanoidRootPart_k5_HumanoidRootPart



--Right Arm
Right_Arm_k5_HumanoidRootPart_Torso_Right_Arm = Instance.new("Pose")
Right_Arm_k5_HumanoidRootPart_Torso_Right_Arm.Name = "Right Arm"
Right_Arm_k5_HumanoidRootPart_Torso_Right_Arm.CFrame = cf(-0.134547, -0.498045, 0.090897, 0.456195, -0.821915, -0.341089, 0.821622, 0.241812, 0.516202, -0.341794, -0.515735, 0.785617)
Right_Arm_k5_HumanoidRootPart_Torso_Right_Arm.Parent = Torso_k5_HumanoidRootPart_Torso



--Left Arm
Left_Arm_k5_HumanoidRootPart_Torso_Left_Arm = Instance.new("Pose")
Left_Arm_k5_HumanoidRootPart_Torso_Left_Arm.Name = "Left Arm"
Left_Arm_k5_HumanoidRootPart_Torso_Left_Arm.CFrame = cf(-0.141709, -0.421798, 0.132566, 0.458979, 0.756814, 0.465372, -0.866669, 0.266126, 0.421974, 0.195508, -0.597001, 0.778053)
Left_Arm_k5_HumanoidRootPart_Torso_Left_Arm.Parent = Torso_k5_HumanoidRootPart_Torso



--Right Leg
Right_Leg_k5_HumanoidRootPart_Torso_Right_Leg = Instance.new("Pose")
Right_Leg_k5_HumanoidRootPart_Torso_Right_Leg.Name = "Right Leg"
Right_Leg_k5_HumanoidRootPart_Torso_Right_Leg.CFrame = cf(0.526338, -0.025302, 0.201928, 0.684793, 0.656536, -0.316257, -0.630568, 0.751379, 0.194457, 0.365297, 0.066259, 0.928530)
Right_Leg_k5_HumanoidRootPart_Torso_Right_Leg.Parent = Torso_k5_HumanoidRootPart_Torso



--Left Leg
Left_Leg_k5_HumanoidRootPart_Torso_Left_Leg = Instance.new("Pose")
Left_Leg_k5_HumanoidRootPart_Torso_Left_Leg.Name = "Left Leg"
Left_Leg_k5_HumanoidRootPart_Torso_Left_Leg.CFrame = cf(-0.736004, 0.461453, -0.217635, 0.986779, -0.124710, -0.103510, 0.148263, 0.952574, 0.265746, 0.065460, -0.277580, 0.958470)
Left_Leg_k5_HumanoidRootPart_Torso_Left_Leg.Parent = Torso_k5_HumanoidRootPart_Torso



--Head
Head_k5_HumanoidRootPart_Torso_Head = Instance.new("Pose")
Head_k5_HumanoidRootPart_Torso_Head.Name = "Head"
Head_k5_HumanoidRootPart_Torso_Head.CFrame = cf(0.000000, -0.000000, -0.000000, 0.992948, -0.068821, -0.096534, 0.075168, 0.995133, 0.063727, 0.091679, -0.070534, 0.993287)
Head_k5_HumanoidRootPart_Torso_Head.Parent = Torso_k5_HumanoidRootPart_Torso



-- Keyframe 6 (Time: 0.0833333358168602)
 keyframe6 = Instance.new("Keyframe")
keyframe6.Time = 0.0833333358168602
keyframe6.Parent = KeyframeSequence

--HumanoidRootPart
HumanoidRootPart_k6_HumanoidRootPart = Instance.new("Pose")
HumanoidRootPart_k6_HumanoidRootPart.Name = "HumanoidRootPart"
HumanoidRootPart_k6_HumanoidRootPart.CFrame = cf(0.000000, 0.000000, 0.000000, 1.000000, 0.000000, 0.000000, 0.000000, 1.000000, 0.000000, 0.000000, 0.000000, 1.000000)
HumanoidRootPart_k6_HumanoidRootPart.Parent = keyframe6



--Torso
Torso_k6_HumanoidRootPart_Torso = Instance.new("Pose")
Torso_k6_HumanoidRootPart_Torso.Name = "Torso"
Torso_k6_HumanoidRootPart_Torso.CFrame = cf(0.063132, -0.147679, -0.369735, 0.999761, -0.009742, 0.019572, 0.011353, 0.996403, -0.083974, -0.018684, 0.084176, 0.996276)
Torso_k6_HumanoidRootPart_Torso.Parent = HumanoidRootPart_k6_HumanoidRootPart



--Right Arm
Right_Arm_k6_HumanoidRootPart_Torso_Right_Arm = Instance.new("Pose")
Right_Arm_k6_HumanoidRootPart_Torso_Right_Arm.Name = "Right Arm"
Right_Arm_k6_HumanoidRootPart_Torso_Right_Arm.CFrame = cf(-0.028880, -0.570219, 0.067400, 0.139999, -0.805623, -0.575648, 0.916744, -0.114215, 0.382798, -0.374139, -0.581314, 0.722561)
Right_Arm_k6_HumanoidRootPart_Torso_Right_Arm.Parent = Torso_k6_HumanoidRootPart_Torso



--Left Arm
Left_Arm_k6_HumanoidRootPart_Torso_Left_Arm = Instance.new("Pose")
Left_Arm_k6_HumanoidRootPart_Torso_Left_Arm.Name = "Left Arm"
Left_Arm_k6_HumanoidRootPart_Torso_Left_Arm.CFrame = cf(-0.201462, -0.510539, 0.113487, 0.286102, 0.794088, 0.536255, -0.931005, 0.097988, 0.351607, 0.226661, -0.599852, 0.767335)
Left_Arm_k6_HumanoidRootPart_Torso_Left_Arm.Parent = Torso_k6_HumanoidRootPart_Torso



--Right Leg
Right_Leg_k6_HumanoidRootPart_Torso_Right_Leg = Instance.new("Pose")
Right_Leg_k6_HumanoidRootPart_Torso_Right_Leg.Name = "Right Leg"
Right_Leg_k6_HumanoidRootPart_Torso_Right_Leg.CFrame = cf(0.513719, -0.034117, 0.210886, 0.666589, 0.668793, -0.329203, -0.642298, 0.739448, 0.201667, 0.378302, 0.077018, 0.922473)
Right_Leg_k6_HumanoidRootPart_Torso_Right_Leg.Parent = Torso_k6_HumanoidRootPart_Torso



--Left Leg
Left_Leg_k6_HumanoidRootPart_Torso_Left_Leg = Instance.new("Pose")
Left_Leg_k6_HumanoidRootPart_Torso_Left_Leg.Name = "Left Leg"
Left_Leg_k6_HumanoidRootPart_Torso_Left_Leg.CFrame = cf(-0.754479, 0.459228, -0.227456, 0.983641, -0.145391, -0.106356, 0.169289, 0.947891, 0.269896, 0.061574, -0.283486, 0.956998)
Left_Leg_k6_HumanoidRootPart_Torso_Left_Leg.Parent = Torso_k6_HumanoidRootPart_Torso



--Head
Head_k6_HumanoidRootPart_Torso_Head = Instance.new("Pose")
Head_k6_HumanoidRootPart_Torso_Head.Name = "Head"
Head_k6_HumanoidRootPart_Torso_Head.CFrame = cf(0.000000, -0.000000, -0.000000, 0.995442, -0.039586, -0.086764, 0.045795, 0.996440, 0.070786, 0.083653, -0.074437, 0.993711)
Head_k6_HumanoidRootPart_Torso_Head.Parent = Torso_k6_HumanoidRootPart_Torso



-- Keyframe 7 (Time: 0.10000000149011612)
 keyframe7 = Instance.new("Keyframe")
keyframe7.Time = 0.10000000149011612
keyframe7.Parent = KeyframeSequence

--HumanoidRootPart
HumanoidRootPart_k7_HumanoidRootPart = Instance.new("Pose")
HumanoidRootPart_k7_HumanoidRootPart.Name = "HumanoidRootPart"
HumanoidRootPart_k7_HumanoidRootPart.CFrame = cf(0.000000, 0.000000, 0.000000, 1.000000, 0.000000, 0.000000, 0.000000, 1.000000, 0.000000, 0.000000, 0.000000, 1.000000)
HumanoidRootPart_k7_HumanoidRootPart.Parent = keyframe7



--Torso
Torso_k7_HumanoidRootPart_Torso = Instance.new("Pose")
Torso_k7_HumanoidRootPart_Torso.Name = "Torso"
Torso_k7_HumanoidRootPart_Torso.CFrame = cf(0.050000, -0.177010, -0.381174, 0.999777, -0.014668, 0.015199, 0.015927, 0.996137, -0.086357, -0.013874, 0.086580, 0.996148)
Torso_k7_HumanoidRootPart_Torso.Parent = HumanoidRootPart_k7_HumanoidRootPart



--Right Arm
Right_Arm_k7_HumanoidRootPart_Torso_Right_Arm = Instance.new("Pose")
Right_Arm_k7_HumanoidRootPart_Torso_Right_Arm.Name = "Right Arm"
Right_Arm_k7_HumanoidRootPart_Torso_Right_Arm.CFrame = cf(0.083077, -0.623003, 0.032346, -0.128198, -0.709872, -0.692565, 0.899578, -0.377226, 0.220135, -0.417521, -0.594796, 0.686945)
Right_Arm_k7_HumanoidRootPart_Torso_Right_Arm.Parent = Torso_k7_HumanoidRootPart_Torso



--Left Arm
Left_Arm_k7_HumanoidRootPart_Torso_Left_Arm = Instance.new("Pose")
Left_Arm_k7_HumanoidRootPart_Torso_Left_Arm.Name = "Left Arm"
Left_Arm_k7_HumanoidRootPart_Torso_Left_Arm.CFrame = cf(-0.262980, -0.575439, 0.085025, 0.102455, 0.805013, 0.584342, -0.959278, -0.075488, 0.272190, 0.263227, -0.588434, 0.764498)
Left_Arm_k7_HumanoidRootPart_Torso_Left_Arm.Parent = Torso_k7_HumanoidRootPart_Torso



--Right Leg
Right_Leg_k7_HumanoidRootPart_Torso_Right_Leg = Instance.new("Pose")
Right_Leg_k7_HumanoidRootPart_Torso_Right_Leg.Name = "Right Leg"
Right_Leg_k7_HumanoidRootPart_Torso_Right_Leg.CFrame = cf(0.502809, -0.041940, 0.220033, 0.646535, 0.682215, -0.341432, -0.654722, 0.725917, 0.210673, 0.391575, 0.087335, 0.915992)
Right_Leg_k7_HumanoidRootPart_Torso_Right_Leg.Parent = Torso_k7_HumanoidRootPart_Torso



--Left Leg
Left_Leg_k7_HumanoidRootPart_Torso_Left_Leg = Instance.new("Pose")
Left_Leg_k7_HumanoidRootPart_Torso_Left_Leg.Name = "Left Leg"
Left_Leg_k7_HumanoidRootPart_Torso_Left_Leg.CFrame = cf(-0.774093, 0.458356, -0.236931, 0.979758, -0.168870, -0.107503, 0.192485, 0.942216, 0.274188, 0.054989, -0.289331, 0.955648)
Left_Leg_k7_HumanoidRootPart_Torso_Left_Leg.Parent = Torso_k7_HumanoidRootPart_Torso



--Head
Head_k7_HumanoidRootPart_Torso_Head = Instance.new("Pose")
Head_k7_HumanoidRootPart_Torso_Head.Name = "Head"
Head_k7_HumanoidRootPart_Torso_Head.CFrame = cf(0.000000, -0.000000, -0.000000, 0.997037, -0.011139, -0.076113, 0.017153, 0.996742, 0.078815, 0.074987, -0.079887, 0.993979)
Head_k7_HumanoidRootPart_Torso_Head.Parent = Torso_k7_HumanoidRootPart_Torso



-- Keyframe 8 (Time: 0.11666666716337204)
 keyframe8 = Instance.new("Keyframe")
keyframe8.Time = 0.11666666716337204
keyframe8.Parent = KeyframeSequence

--HumanoidRootPart
HumanoidRootPart_k8_HumanoidRootPart = Instance.new("Pose")
HumanoidRootPart_k8_HumanoidRootPart.Name = "HumanoidRootPart"
HumanoidRootPart_k8_HumanoidRootPart.CFrame = cf(0.000000, 0.000000, 0.000000, 1.000000, 0.000000, 0.000000, 0.000000, 1.000000, 0.000000, 0.000000, 0.000000, 1.000000)
HumanoidRootPart_k8_HumanoidRootPart.Parent = keyframe8



--Torso
Torso_k8_HumanoidRootPart_Torso = Instance.new("Pose")
Torso_k8_HumanoidRootPart_Torso.Name = "Torso"
Torso_k8_HumanoidRootPart_Torso.CFrame = cf(0.037496, -0.207656, -0.396499, 0.999773, -0.018380, 0.010746, 0.019269, 0.995796, -0.089551, -0.009055, 0.089737, 0.995924)
Torso_k8_HumanoidRootPart_Torso.Parent = HumanoidRootPart_k8_HumanoidRootPart



--Right Arm
Right_Arm_k8_HumanoidRootPart_Torso_Right_Arm = Instance.new("Pose")
Right_Arm_k8_HumanoidRootPart_Torso_Right_Arm.Name = "Right Arm"
Right_Arm_k8_HumanoidRootPart_Torso_Right_Arm.CFrame = cf(0.195052, -0.643470, -0.016576, -0.279534, -0.653780, -0.703159, 0.854501, -0.503354, 0.128308, -0.437824, -0.564984, 0.699360)
Right_Arm_k8_HumanoidRootPart_Torso_Right_Arm.Parent = Torso_k8_HumanoidRootPart_Torso



--Left Arm
Left_Arm_k8_HumanoidRootPart_Torso_Left_Arm = Instance.new("Pose")
Left_Arm_k8_HumanoidRootPart_Torso_Left_Arm.Name = "Left Arm"
Left_Arm_k8_HumanoidRootPart_Torso_Left_Arm.CFrame = cf(-0.322063, -0.600604, 0.045303, -0.064818, 0.795811, 0.602066, -0.952038, -0.230115, 0.201669, 0.299035, -0.560118, 0.772558)
Left_Arm_k8_HumanoidRootPart_Torso_Left_Arm.Parent = Torso_k8_HumanoidRootPart_Torso



--Right Leg
Right_Leg_k8_HumanoidRootPart_Torso_Right_Leg = Instance.new("Pose")
Right_Leg_k8_HumanoidRootPart_Torso_Right_Leg.Name = "Right Leg"
Right_Leg_k8_HumanoidRootPart_Torso_Right_Leg.CFrame = cf(0.494589, -0.048208, 0.229698, 0.624853, 0.696421, -0.352926, -0.667518, 0.710994, 0.221152, 0.404943, 0.097397, 0.909140)
Right_Leg_k8_HumanoidRootPart_Torso_Right_Leg.Parent = Torso_k8_HumanoidRootPart_Torso



--Left Leg
Left_Leg_k8_HumanoidRootPart_Torso_Left_Leg = Instance.new("Pose")
Left_Leg_k8_HumanoidRootPart_Torso_Left_Leg.Name = "Left Leg"
Left_Leg_k8_HumanoidRootPart_Torso_Left_Leg.CFrame = cf(-0.793741, 0.460066, -0.246438, 0.975283, -0.193303, -0.107035, 0.216068, 0.935686, 0.278939, 0.046231, -0.295172, 0.954325)
Left_Leg_k8_HumanoidRootPart_Torso_Left_Leg.Parent = Torso_k8_HumanoidRootPart_Torso



--Head
Head_k8_HumanoidRootPart_Torso_Head = Instance.new("Pose")
Head_k8_HumanoidRootPart_Torso_Head.Name = "Head"
Head_k8_HumanoidRootPart_Torso_Head.CFrame = cf(0.000000, 0.000000, 0.000000, 0.997757, 0.015767, -0.065051, -0.010017, 0.996088, 0.087797, 0.066181, -0.086949, 0.994012)
Head_k8_HumanoidRootPart_Torso_Head.Parent = Torso_k8_HumanoidRootPart_Torso



-- Keyframe 9 (Time: 0.13333334028720856)
 keyframe9 = Instance.new("Keyframe")
keyframe9.Time = 0.13333334028720856
keyframe9.Parent = KeyframeSequence

--HumanoidRootPart
HumanoidRootPart_k9_HumanoidRootPart = Instance.new("Pose")
HumanoidRootPart_k9_HumanoidRootPart.Name = "HumanoidRootPart"
HumanoidRootPart_k9_HumanoidRootPart.CFrame = cf(0.000000, 0.000000, 0.000000, 1.000000, 0.000000, 0.000000, 0.000000, 1.000000, 0.000000, 0.000000, 0.000000, 1.000000)
HumanoidRootPart_k9_HumanoidRootPart.Parent = keyframe9



--Torso
Torso_k9_HumanoidRootPart_Torso = Instance.new("Pose")
Torso_k9_HumanoidRootPart_Torso.Name = "Torso"
Torso_k9_HumanoidRootPart_Torso.CFrame = cf(0.025876, -0.238578, -0.415795, 0.999756, -0.021160, 0.006307, 0.021659, 0.995344, -0.093922, -0.004290, 0.094035, 0.995560)
Torso_k9_HumanoidRootPart_Torso.Parent = HumanoidRootPart_k9_HumanoidRootPart



--Right Arm
Right_Arm_k9_HumanoidRootPart_Torso_Right_Arm = Instance.new("Pose")
Right_Arm_k9_HumanoidRootPart_Torso_Right_Arm.Name = "Right Arm"
Right_Arm_k9_HumanoidRootPart_Torso_Right_Arm.CFrame = cf(0.301148, -0.640755, -0.084646, -0.376404, -0.699075, -0.607959, 0.826693, -0.549661, 0.120212, -0.418208, -0.457347, 0.784816)
Right_Arm_k9_HumanoidRootPart_Torso_Right_Arm.Parent = Torso_k9_HumanoidRootPart_Torso



--Left Arm
Left_Arm_k9_HumanoidRootPart_Torso_Left_Arm = Instance.new("Pose")
Left_Arm_k9_HumanoidRootPart_Torso_Left_Arm.Name = "Left Arm"
Left_Arm_k9_HumanoidRootPart_Torso_Left_Arm.CFrame = cf(-0.375057, -0.599512, -0.010112, -0.209810, 0.822287, 0.528983, -0.921126, -0.347665, 0.175090, 0.327883, -0.450525, 0.830374)
Left_Arm_k9_HumanoidRootPart_Torso_Left_Arm.Parent = Torso_k9_HumanoidRootPart_Torso



--Right Leg
Right_Leg_k9_HumanoidRootPart_Torso_Right_Leg = Instance.new("Pose")
Right_Leg_k9_HumanoidRootPart_Torso_Right_Leg.Name = "Right Leg"
Right_Leg_k9_HumanoidRootPart_Torso_Right_Leg.CFrame = cf(0.489681, -0.052494, 0.240075, 0.602071, 0.710812, -0.363672, -0.680181, 0.695150, 0.232637, 0.418168, 0.107299, 0.902011)
Right_Leg_k9_HumanoidRootPart_Torso_Right_Leg.Parent = Torso_k9_HumanoidRootPart_Torso



--Left Leg
Left_Leg_k9_HumanoidRootPart_Torso_Left_Leg = Instance.new("Pose")
Left_Leg_k9_HumanoidRootPart_Torso_Left_Leg.Name = "Left Leg"
Left_Leg_k9_HumanoidRootPart_Torso_Left_Leg.CFrame = cf(-0.812063, 0.465426, -0.256292, 0.970573, -0.216688, -0.105041, 0.238111, 0.928667, 0.284394, 0.035923, -0.301037, 0.952936)
Left_Leg_k9_HumanoidRootPart_Torso_Left_Leg.Parent = Torso_k9_HumanoidRootPart_Torso



--Head
Head_k9_HumanoidRootPart_Torso_Head = Instance.new("Pose")
Head_k9_HumanoidRootPart_Torso_Head.Name = "Head"
Head_k9_HumanoidRootPart_Torso_Head.CFrame = cf(0.000000, -0.000000, 0.000000, 0.997720, 0.040394, -0.054064, -0.034970, 0.994596, 0.097754, 0.057721, -0.095641, 0.993741)
Head_k9_HumanoidRootPart_Torso_Head.Parent = Torso_k9_HumanoidRootPart_Torso



-- Keyframe 10 (Time: 0.15000000596046448)
 keyframe10 = Instance.new("Keyframe")
keyframe10.Time = 0.15000000596046448
keyframe10.Parent = KeyframeSequence

--HumanoidRootPart
HumanoidRootPart_k10_HumanoidRootPart = Instance.new("Pose")
HumanoidRootPart_k10_HumanoidRootPart.Name = "HumanoidRootPart"
HumanoidRootPart_k10_HumanoidRootPart.CFrame = cf(0.000000, 0.000000, 0.000000, 1.000000, 0.000000, 0.000000, 0.000000, 1.000000, 0.000000, 0.000000, 0.000000, 1.000000)
HumanoidRootPart_k10_HumanoidRootPart.Parent = keyframe10



--Torso
Torso_k10_HumanoidRootPart_Torso = Instance.new("Pose")
Torso_k10_HumanoidRootPart_Torso.Name = "Torso"
Torso_k10_HumanoidRootPart_Torso.CFrame = cf(0.015400, -0.268737, -0.437186, 0.999727, -0.023292, 0.001975, 0.023372, 0.994729, -0.099836, 0.000361, 0.099855, 0.995002)
Torso_k10_HumanoidRootPart_Torso.Parent = HumanoidRootPart_k10_HumanoidRootPart



--Right Arm
Right_Arm_k10_HumanoidRootPart_Torso_Right_Arm = Instance.new("Pose")
Right_Arm_k10_HumanoidRootPart_Torso_Right_Arm.Name = "Right Arm"
Right_Arm_k10_HumanoidRootPart_Torso_Right_Arm.CFrame = cf(0.396968, -0.633967, -0.167522, -0.476799, -0.786329, -0.392873, 0.806993, -0.568760, 0.158981, -0.348462, -0.241244, 0.905746)
Right_Arm_k10_HumanoidRootPart_Torso_Right_Arm.Parent = Torso_k10_HumanoidRootPart_Torso



--Left Arm
Left_Arm_k10_HumanoidRootPart_Torso_Left_Arm = Instance.new("Pose")
Left_Arm_k10_HumanoidRootPart_Torso_Left_Arm.Name = "Left Arm"
Left_Arm_k10_HumanoidRootPart_Torso_Left_Arm.CFrame = cf(-0.420491, -0.596780, -0.077768, -0.344056, 0.879264, 0.329426, -0.880008, -0.424308, 0.213421, 0.327431, -0.216469, 0.919744)
Left_Arm_k10_HumanoidRootPart_Torso_Left_Arm.Parent = Torso_k10_HumanoidRootPart_Torso



--Right Leg
Right_Leg_k10_HumanoidRootPart_Torso_Right_Leg = Instance.new("Pose")
Right_Leg_k10_HumanoidRootPart_Torso_Right_Leg.Name = "Right Leg"
Right_Leg_k10_HumanoidRootPart_Torso_Right_Leg.CFrame = cf(0.487262, -0.054544, 0.250601, 0.580089, 0.723822, -0.373602, -0.691316, 0.680055, 0.244147, 0.430789, 0.116650, 0.894882)
Right_Leg_k10_HumanoidRootPart_Torso_Right_Leg.Parent = Torso_k10_HumanoidRootPart_Torso



--Left Leg
Left_Leg_k10_HumanoidRootPart_Torso_Left_Leg = Instance.new("Pose")
Left_Leg_k10_HumanoidRootPart_Torso_Left_Leg.Name = "Left Leg"
Left_Leg_k10_HumanoidRootPart_Torso_Left_Leg.CFrame = cf(-0.827331, 0.474020, -0.266251, 0.966246, -0.236675, -0.101750, 0.256396, 0.921925, 0.290370, 0.025083, -0.306657, 0.951489)
Left_Leg_k10_HumanoidRootPart_Torso_Left_Leg.Parent = Torso_k10_HumanoidRootPart_Torso



--Head
Head_k10_HumanoidRootPart_Torso_Head = Instance.new("Pose")
Head_k10_HumanoidRootPart_Torso_Head.Name = "Head"
Head_k10_HumanoidRootPart_Torso_Head.CFrame = cf(0.000000, 0.000000, -0.000000, 0.997119, 0.062021, -0.043660, -0.056968, 0.992436, 0.108749, 0.050075, -0.105948, 0.993110)
Head_k10_HumanoidRootPart_Torso_Head.Parent = Torso_k10_HumanoidRootPart_Torso



-- Keyframe 11 (Time: 0.1666666716337204)
 keyframe11 = Instance.new("Keyframe")
keyframe11.Time = 0.1666666716337204
keyframe11.Parent = KeyframeSequence

--HumanoidRootPart
HumanoidRootPart_k11_HumanoidRootPart = Instance.new("Pose")
HumanoidRootPart_k11_HumanoidRootPart.Name = "HumanoidRootPart"
HumanoidRootPart_k11_HumanoidRootPart.CFrame = cf(0.000000, 0.000000, 0.000000, 1.000000, 0.000000, 0.000000, 0.000000, 1.000000, 0.000000, 0.000000, 0.000000, 1.000000)
HumanoidRootPart_k11_HumanoidRootPart.Parent = keyframe11



--Torso
Torso_k11_HumanoidRootPart_Torso = Instance.new("Pose")
Torso_k11_HumanoidRootPart_Torso.Name = "Torso"
Torso_k11_HumanoidRootPart_Torso.CFrame = cf(0.006326, -0.297092, -0.458319, 0.999684, -0.025061, -0.002152, 0.024684, 0.993881, -0.107661, 0.004837, 0.107574, 0.994185)
Torso_k11_HumanoidRootPart_Torso.Parent = HumanoidRootPart_k11_HumanoidRootPart



--Right Arm
Right_Arm_k11_HumanoidRootPart_Torso_Right_Arm = Instance.new("Pose")
Right_Arm_k11_HumanoidRootPart_Torso_Right_Arm.Name = "Right Arm"
Right_Arm_k11_HumanoidRootPart_Torso_Right_Arm.CFrame = cf(0.478493, -0.625143, -0.253082, -0.550138, -0.829878, -0.093007, 0.801327, -0.555964, 0.220862, -0.234997, 0.046976, 0.970860)
Right_Arm_k11_HumanoidRootPart_Torso_Right_Arm.Parent = Torso_k11_HumanoidRootPart_Torso



--Left Arm
Left_Arm_k11_HumanoidRootPart_Torso_Left_Arm = Instance.new("Pose")
Left_Arm_k11_HumanoidRootPart_Torso_Left_Arm.Name = "Left Arm"
Left_Arm_k11_HumanoidRootPart_Torso_Left_Arm.CFrame = cf(-0.457439, -0.593229, -0.147714, -0.453893, 0.889298, 0.055948, -0.843720, -0.449125, 0.293977, 0.286561, 0.086230, 0.954174)
Left_Arm_k11_HumanoidRootPart_Torso_Left_Arm.Parent = Torso_k11_HumanoidRootPart_Torso



--Right Leg
Right_Leg_k11_HumanoidRootPart_Torso_Right_Leg = Instance.new("Pose")
Right_Leg_k11_HumanoidRootPart_Torso_Right_Leg.Name = "Right Leg"
Right_Leg_k11_HumanoidRootPart_Torso_Right_Leg.CFrame = cf(0.486503, -0.054067, 0.260462, 0.561312, 0.733841, -0.382631, -0.699556, 0.667749, 0.254427, 0.442210, 0.124859, 0.888178)
Right_Leg_k11_HumanoidRootPart_Torso_Right_Leg.Parent = Torso_k11_HumanoidRootPart_Torso



--Left Leg
Left_Leg_k11_HumanoidRootPart_Torso_Left_Leg = Instance.new("Pose")
Left_Leg_k11_HumanoidRootPart_Torso_Left_Leg.Name = "Left Leg"
Left_Leg_k11_HumanoidRootPart_Torso_Left_Leg.CFrame = cf(-0.837946, 0.485229, -0.275980, 0.963083, -0.250942, -0.097467, 0.268791, 0.916439, 0.296463, 0.014927, -0.311717, 0.950058)
Left_Leg_k11_HumanoidRootPart_Torso_Left_Leg.Parent = Torso_k11_HumanoidRootPart_Torso



--Head
Head_k11_HumanoidRootPart_Torso_Head = Instance.new("Pose")
Head_k11_HumanoidRootPart_Torso_Head.Name = "Head"
Head_k11_HumanoidRootPart_Torso_Head.CFrame = cf(0.000000, -0.000000, -0.000000, 0.996205, 0.079961, -0.034364, -0.075278, 0.989809, 0.120875, 0.043679, -0.117829, 0.992073)
Head_k11_HumanoidRootPart_Torso_Head.Parent = Torso_k11_HumanoidRootPart_Torso



-- Keyframe 12 (Time: 0.18333333730697632)
 keyframe12 = Instance.new("Keyframe")
keyframe12.Time = 0.18333333730697632
keyframe12.Parent = KeyframeSequence

--HumanoidRootPart
HumanoidRootPart_k12_HumanoidRootPart = Instance.new("Pose")
HumanoidRootPart_k12_HumanoidRootPart.Name = "HumanoidRootPart"
HumanoidRootPart_k12_HumanoidRootPart.CFrame = cf(0.000000, 0.000000, 0.000000, 1.000000, 0.000000, 0.000000, 0.000000, 1.000000, 0.000000, 0.000000, 0.000000, 1.000000)
HumanoidRootPart_k12_HumanoidRootPart.Parent = keyframe12



--Torso
Torso_k12_HumanoidRootPart_Torso = Instance.new("Pose")
Torso_k12_HumanoidRootPart_Torso.Name = "Torso"
Torso_k12_HumanoidRootPart_Torso.CFrame = cf(-0.001082, -0.322606, -0.476857, 0.999624, -0.026755, -0.005975, 0.025866, 0.992705, -0.117763, 0.009083, 0.117564, 0.993024)
Torso_k12_HumanoidRootPart_Torso.Parent = HumanoidRootPart_k12_HumanoidRootPart



--Right Arm
Right_Arm_k12_HumanoidRootPart_Torso_Right_Arm = Instance.new("Pose")
Right_Arm_k12_HumanoidRootPart_Torso_Right_Arm.Name = "Right Arm"
Right_Arm_k12_HumanoidRootPart_Torso_Right_Arm.CFrame = cf(0.541703, -0.616318, -0.329205, -0.575685, -0.791650, 0.204638, 0.809852, -0.517506, 0.276274, -0.112811, 0.324774, 0.939040)
Right_Arm_k12_HumanoidRootPart_Torso_Right_Arm.Parent = Torso_k12_HumanoidRootPart_Torso



--Left Arm
Left_Arm_k12_HumanoidRootPart_Torso_Left_Arm = Instance.new("Pose")
Left_Arm_k12_HumanoidRootPart_Torso_Left_Arm.Name = "Left Arm"
Left_Arm_k12_HumanoidRootPart_Torso_Left_Arm.CFrame = cf(-0.484976, -0.589676, -0.209997, -0.522615, 0.827801, -0.204005, -0.822644, -0.426783, 0.375650, 0.223897, 0.364144, 0.904029)
Left_Arm_k12_HumanoidRootPart_Torso_Left_Arm.Parent = Torso_k12_HumanoidRootPart_Torso



--Right Leg
Right_Leg_k12_HumanoidRootPart_Torso_Right_Leg = Instance.new("Pose")
Right_Leg_k12_HumanoidRootPart_Torso_Right_Leg.Name = "Right Leg"
Right_Leg_k12_HumanoidRootPart_Torso_Right_Leg.CFrame = cf(0.486968, -0.050738, 0.268801, 0.548287, 0.739445, -0.390644, -0.703797, 0.660299, 0.262058, 0.451719, 0.131251, 0.882453)
Right_Leg_k12_HumanoidRootPart_Torso_Right_Leg.Parent = Torso_k12_HumanoidRootPart_Torso



--Left Leg
Left_Leg_k12_HumanoidRootPart_Torso_Left_Leg = Instance.new("Pose")
Left_Leg_k12_HumanoidRootPart_Torso_Left_Leg.Name = "Left Leg"
Left_Leg_k12_HumanoidRootPart_Torso_Left_Leg.CFrame = cf(-0.842544, 0.498536, -0.285170, 0.961899, -0.257263, -0.092556, 0.273321, 0.913245, 0.302125, 0.006800, -0.315911, 0.948765)
Left_Leg_k12_HumanoidRootPart_Torso_Left_Leg.Parent = Torso_k12_HumanoidRootPart_Torso



--Head
Head_k12_HumanoidRootPart_Torso_Head = Instance.new("Pose")
Head_k12_HumanoidRootPart_Torso_Head.Name = "Head"
Head_k12_HumanoidRootPart_Torso_Head.CFrame = cf(0.000000, -0.000000, 0.000000, 0.995255, 0.093555, -0.026726, -0.089167, 0.986928, 0.134247, 0.038936, -0.131227, 0.990587)
Head_k12_HumanoidRootPart_Torso_Head.Parent = Torso_k12_HumanoidRootPart_Torso



-- Keyframe 13 (Time: 0.20000000298023224)
 keyframe13 = Instance.new("Keyframe")
keyframe13.Time = 0.20000000298023224
keyframe13.Parent = KeyframeSequence

--HumanoidRootPart
HumanoidRootPart_k13_HumanoidRootPart = Instance.new("Pose")
HumanoidRootPart_k13_HumanoidRootPart.Name = "HumanoidRootPart"
HumanoidRootPart_k13_HumanoidRootPart.CFrame = cf(0.000000, 0.000000, 0.000000, 1.000000, 0.000000, 0.000000, 0.000000, 1.000000, 0.000000, 0.000000, 0.000000, 1.000000)
HumanoidRootPart_k13_HumanoidRootPart.Parent = keyframe13



--Torso
Torso_k13_HumanoidRootPart_Torso = Instance.new("Pose")
Torso_k13_HumanoidRootPart_Torso.Name = "Torso"
Torso_k13_HumanoidRootPart_Torso.CFrame = cf(-0.006556, -0.344235, -0.490483, 0.999545, -0.028659, -0.009389, 0.027191, 0.991075, -0.130504, 0.013045, 0.130189, 0.991403)
Torso_k13_HumanoidRootPart_Torso.Parent = HumanoidRootPart_k13_HumanoidRootPart



--Right Arm
Right_Arm_k13_HumanoidRootPart_Torso_Right_Arm = Instance.new("Pose")
Right_Arm_k13_HumanoidRootPart_Torso_Right_Arm.Name = "Right Arm"
Right_Arm_k13_HumanoidRootPart_Torso_Right_Arm.CFrame = cf(0.582577, -0.609531, -0.383768, -0.566984, -0.713568, 0.411520, 0.823386, -0.476562, 0.308096, -0.023733, 0.513526, 0.857746)
Right_Arm_k13_HumanoidRootPart_Torso_Right_Arm.Parent = Torso_k13_HumanoidRootPart_Torso



--Left Arm
Left_Arm_k13_HumanoidRootPart_Torso_Left_Arm = Instance.new("Pose")
Left_Arm_k13_HumanoidRootPart_Torso_Left_Arm.Name = "Left Arm"
Left_Arm_k13_HumanoidRootPart_Torso_Left_Arm.CFrame = cf(-0.502177, -0.586946, -0.254665, -0.552386, 0.742546, -0.378808, -0.815805, -0.388194, 0.428682, 0.171266, 0.545831, 0.820205)
Left_Arm_k13_HumanoidRootPart_Torso_Left_Arm.Parent = Torso_k13_HumanoidRootPart_Torso



--Right Leg
Right_Leg_k13_HumanoidRootPart_Torso_Right_Leg = Instance.new("Pose")
Right_Leg_k13_HumanoidRootPart_Torso_Right_Leg.Name = "Right Leg"
Right_Leg_k13_HumanoidRootPart_Torso_Right_Leg.CFrame = cf(0.488445, -0.044222, 0.274727, 0.543613, 0.739263, -0.397461, -0.703032, 0.659729, 0.265525, 0.458509, 0.135085, 0.878363)
Right_Leg_k13_HumanoidRootPart_Torso_Right_Leg.Parent = Torso_k13_HumanoidRootPart_Torso



--Left Leg
Left_Leg_k13_HumanoidRootPart_Torso_Left_Leg = Instance.new("Pose")
Left_Leg_k13_HumanoidRootPart_Torso_Left_Leg.Name = "Left Leg"
Left_Leg_k13_HumanoidRootPart_Torso_Left_Leg.CFrame = cf(-0.839969, 0.513305, -0.293447, 0.963382, -0.253467, -0.087462, 0.268124, 0.913268, 0.306677, 0.002144, -0.318897, 0.947787)
Left_Leg_k13_HumanoidRootPart_Torso_Left_Leg.Parent = Torso_k13_HumanoidRootPart_Torso



--Head
Head_k13_HumanoidRootPart_Torso_Head = Instance.new("Pose")
Head_k13_HumanoidRootPart_Torso_Head.Name = "Head"
Head_k13_HumanoidRootPart_Torso_Head.CFrame = cf(0.000000, -0.000000, -0.000000, 0.994537, 0.102180, -0.021322, -0.097901, 0.983981, 0.148987, 0.036204, -0.146085, 0.988609)
Head_k13_HumanoidRootPart_Torso_Head.Parent = Torso_k13_HumanoidRootPart_Torso



-- Keyframe 14 (Time: 0.21666666865348816)
 keyframe14 = Instance.new("Keyframe")
keyframe14.Time = 0.21666666865348816
keyframe14.Parent = KeyframeSequence

--HumanoidRootPart
HumanoidRootPart_k14_HumanoidRootPart = Instance.new("Pose")
HumanoidRootPart_k14_HumanoidRootPart.Name = "HumanoidRootPart"
HumanoidRootPart_k14_HumanoidRootPart.CFrame = cf(0.000000, 0.000000, 0.000000, 1.000000, 0.000000, 0.000000, 0.000000, 1.000000, 0.000000, 0.000000, 0.000000, 1.000000)
HumanoidRootPart_k14_HumanoidRootPart.Parent = keyframe14



--Torso
Torso_k14_HumanoidRootPart_Torso = Instance.new("Pose")
Torso_k14_HumanoidRootPart_Torso.Name = "Torso"
Torso_k14_HumanoidRootPart_Torso.CFrame = cf(-0.009821, -0.360931, -0.496912, 0.999442, -0.031055, -0.012277, 0.028929, 0.988826, -0.146239, 0.016681, 0.145802, 0.989173)
Torso_k14_HumanoidRootPart_Torso.Parent = HumanoidRootPart_k14_HumanoidRootPart



--Right Arm
Right_Arm_k14_HumanoidRootPart_Torso_Right_Arm = Instance.new("Pose")
Right_Arm_k14_HumanoidRootPart_Torso_Right_Arm.Name = "Right Arm"
Right_Arm_k14_HumanoidRootPart_Torso_Right_Arm.CFrame = cf(0.597095, -0.606815, -0.404649, -0.557547, -0.672972, 0.486056, 0.830096, -0.458334, 0.317601, 0.009039, 0.580551, 0.814174)
Right_Arm_k14_HumanoidRootPart_Torso_Right_Arm.Parent = Torso_k14_HumanoidRootPart_Torso



--Left Arm
Left_Arm_k14_HumanoidRootPart_Torso_Left_Arm = Instance.new("Pose")
Left_Arm_k14_HumanoidRootPart_Torso_Left_Arm.Name = "Left Arm"
Left_Arm_k14_HumanoidRootPart_Torso_Left_Arm.CFrame = cf(-0.508116, -0.585853, -0.271766, -0.559177, 0.702068, -0.440932, -0.815224, -0.368913, 0.446446, 0.150770, 0.609101, 0.778630)
Left_Arm_k14_HumanoidRootPart_Torso_Left_Arm.Parent = Torso_k14_HumanoidRootPart_Torso



--Right Leg
Right_Leg_k14_HumanoidRootPart_Torso_Right_Leg = Instance.new("Pose")
