-- KeyframeSequence Export: KeyframeSequence
-- Generated on 2026-04-02 18:16:14
-- Reverted from: Doomer2.anim

local KeyframeSequence = Instance.new("KeyframeSequence")
KeyframeSequence.Name = "KeyframeSequence"
local cf=CFrame.new

-- Keyframe 1 (Time: 0)
local keyframe1 = Instance.new("Keyframe")
keyframe1.Time = 0
keyframe1.Parent = KeyframeSequence

--HumanoidRootPart
local HumanoidRootPart_k1_HumanoidRootPart = Instance.new("Pose")
HumanoidRootPart_k1_HumanoidRootPart.Name = "HumanoidRootPart"
HumanoidRootPart_k1_HumanoidRootPart.CFrame = cf(0.000000, 0.000000, 0.000000, 1.000000, 0.000000, 0.000000, 0.000000, 1.000000, 0.000000, 0.000000, 0.000000, 1.000000)
HumanoidRootPart_k1_HumanoidRootPart.Parent = keyframe1


--Torso
local Torso_k1_HumanoidRootPart_Torso = Instance.new("Pose")
Torso_k1_HumanoidRootPart_Torso.Name = "Torso"
Torso_k1_HumanoidRootPart_Torso.CFrame = cf(0.207055, 0.000000, -0.205807, -0.080918, -0.962531, 0.258819, 0.996485, -0.083772, -0.000000, 0.021682, 0.257909, 0.965926)
Torso_k1_HumanoidRootPart_Torso.Parent = HumanoidRootPart_k1_HumanoidRootPart


--Left Leg
local Left_Leg_k1_HumanoidRootPart_Torso_Replace = Instance.new("Pose")
Left_Leg_k1_HumanoidRootPart_Torso_Replace.Name = "Left Leg"
Left_Leg_k1_HumanoidRootPart_Torso_Replace.CFrame = cf(-0.569310, 0.228298, -0.022490, 0.847823, 0.522567, -0.090109, -0.525527, 0.850704, -0.011144, 0.070833, 0.056803, 0.995870)
Left_Leg_k1_HumanoidRootPart_Torso_Replace.Parent = Torso_k1_HumanoidRootPart_Torso


--Right Arm
local Right_Arm_k1_HumanoidRootPart_Torso_Replace = Instance.new("Pose")
Right_Arm_k1_HumanoidRootPart_Torso_Replace.Name = "Right Arm"
Right_Arm_k1_HumanoidRootPart_Torso_Replace.CFrame = cf(0.877152, -0.257792, -0.318080, -0.525811, -0.820275, -0.225105, 0.677565, -0.563901, 0.472147, -0.514226, 0.095737, 0.852294)
Right_Arm_k1_HumanoidRootPart_Torso_Replace.Parent = Torso_k1_HumanoidRootPart_Torso


--Head
local Head_k1_HumanoidRootPart_Torso_Head = Instance.new("Pose")
Head_k1_HumanoidRootPart_Torso_Head.Name = "Head"
Head_k1_HumanoidRootPart_Torso_Head.CFrame = cf(0.000000, -0.000000, 0.000000, 0.999820, -0.002143, 0.018860, -0.002143, 0.974508, 0.224343, -0.018860, -0.224343, 0.974328)
Head_k1_HumanoidRootPart_Torso_Head.Parent = Torso_k1_HumanoidRootPart_Torso


--Right Leg
local Right_Leg_k1_HumanoidRootPart_Torso_Replace = Instance.new("Pose")
Right_Leg_k1_HumanoidRootPart_Torso_Replace.Name = "Right Leg"
Right_Leg_k1_HumanoidRootPart_Torso_Replace.CFrame = cf(-0.145373, 0.050278, -0.024227, 0.853414, 0.427286, -0.298513, -0.415839, 0.903435, 0.104326, 0.314264, 0.035100, 0.948686)
Right_Leg_k1_HumanoidRootPart_Torso_Replace.Parent = Torso_k1_HumanoidRootPart_Torso


--Left Arm
local Left_Arm_k1_HumanoidRootPart_Torso_Replace = Instance.new("Pose")
Left_Arm_k1_HumanoidRootPart_Torso_Replace.Name = "Left Arm"
Left_Arm_k1_HumanoidRootPart_Torso_Replace.CFrame = cf(0.121289, -0.032614, 0.010197, 0.528012, -0.822339, 0.212043, 0.785319, 0.567839, 0.246643, -0.323230, 0.036291, 0.945624)
Left_Arm_k1_HumanoidRootPart_Torso_Replace.Parent = Torso_k1_HumanoidRootPart_Torso


-- Keyframe 2 (Time: 0.034583333879709244)
 keyframe2 = Instance.new("Keyframe")
keyframe2.Time = 0.034583333879709244
keyframe2.Parent = KeyframeSequence

--HumanoidRootPart
 HumanoidRootPart_k2_HumanoidRootPart = Instance.new("Pose")
HumanoidRootPart_k2_HumanoidRootPart.Name = "HumanoidRootPart"
HumanoidRootPart_k2_HumanoidRootPart.CFrame = cf(0.000000, 0.000000, 0.000000, 1.000000, 0.000000, 0.000000, 0.000000, 1.000000, 0.000000, 0.000000, 0.000000, 1.000000)
HumanoidRootPart_k2_HumanoidRootPart.Parent = keyframe2


--Torso
 Torso_k2_HumanoidRootPart_Torso = Instance.new("Pose")
Torso_k2_HumanoidRootPart_Torso.Name = "Torso"
Torso_k2_HumanoidRootPart_Torso.CFrame = cf(0.207055, 0.000000, -0.301440, -0.110511, -0.959583, 0.258819, 0.993434, -0.114410, -0.000000, 0.029611, 0.257119, 0.965926)
Torso_k2_HumanoidRootPart_Torso.Parent = HumanoidRootPart_k2_HumanoidRootPart


--Left Leg
 Left_Leg_k2_HumanoidRootPart_Torso_Replace = Instance.new("Pose")
Left_Leg_k2_HumanoidRootPart_Torso_Replace.Name = "Left Leg"
Left_Leg_k2_HumanoidRootPart_Torso_Replace.CFrame = cf(-0.534923, 0.288432, -0.029662, 0.824764, 0.552216, -0.121740, -0.557623, 0.829994, -0.012905, 0.093918, 0.078529, 0.992478)
Left_Leg_k2_HumanoidRootPart_Torso_Replace.Parent = Torso_k2_HumanoidRootPart_Torso


--Right Arm
 Right_Arm_k2_HumanoidRootPart_Torso_Replace = Instance.new("Pose")
Right_Arm_k2_HumanoidRootPart_Torso_Replace.Name = "Right Arm"
Right_Arm_k2_HumanoidRootPart_Torso_Replace.CFrame = cf(0.877152, -0.257793, -0.318080, -0.530387, -0.816615, -0.227662, 0.673353, -0.568956, 0.472106, -0.515059, 0.097102, 0.851637)
Right_Arm_k2_HumanoidRootPart_Torso_Replace.Parent = Torso_k2_HumanoidRootPart_Torso


--Head
 Head_k2_HumanoidRootPart_Torso_Head = Instance.new("Pose")
Head_k2_HumanoidRootPart_Torso_Head.Name = "Head"
Head_k2_HumanoidRootPart_Torso_Head.CFrame = cf(0.000000, -0.000000, -0.000000, 0.998990, 0.037234, 0.025143, -0.041937, 0.973577, 0.224473, -0.016121, -0.225301, 0.974156)
Head_k2_HumanoidRootPart_Torso_Head.Parent = Torso_k2_HumanoidRootPart_Torso


--Right Leg
 Right_Leg_k2_HumanoidRootPart_Torso_Replace = Instance.new("Pose")
Right_Leg_k2_HumanoidRootPart_Torso_Replace.Name = "Right Leg"
Right_Leg_k2_HumanoidRootPart_Torso_Replace.CFrame = cf(-0.162908, 0.058779, -0.030930, 0.817994, 0.468875, -0.333229, -0.455831, 0.881711, 0.121674, 0.350862, 0.052367, 0.934962)
Right_Leg_k2_HumanoidRootPart_Torso_Replace.Parent = Torso_k2_HumanoidRootPart_Torso


--Left Arm
 Left_Arm_k2_HumanoidRootPart_Torso_Replace = Instance.new("Pose")
Left_Arm_k2_HumanoidRootPart_Torso_Replace.Name = "Left Arm"
Left_Arm_k2_HumanoidRootPart_Torso_Replace.CFrame = cf(0.121289, -0.032615, 0.010197, 0.514392, -0.830836, 0.212399, 0.789764, 0.555485, 0.260212, -0.334177, 0.033894, 0.941901)
Left_Arm_k2_HumanoidRootPart_Torso_Replace.Parent = Torso_k2_HumanoidRootPart_Torso


-- Keyframe 3 (Time: 0.06916666775941849)
 keyframe3 = Instance.new("Keyframe")
keyframe3.Time = 0.06916666775941849
keyframe3.Parent = KeyframeSequence

--HumanoidRootPart
 HumanoidRootPart_k3_HumanoidRootPart = Instance.new("Pose")
HumanoidRootPart_k3_HumanoidRootPart.Name = "HumanoidRootPart"
HumanoidRootPart_k3_HumanoidRootPart.CFrame = cf(0.000000, 0.000000, 0.000000, 1.000000, 0.000000, 0.000000, 0.000000, 1.000000, 0.000000, 0.000000, 0.000000, 1.000000)
HumanoidRootPart_k3_HumanoidRootPart.Parent = keyframe3


--Torso
 Torso_k3_HumanoidRootPart_Torso = Instance.new("Pose")
Torso_k3_HumanoidRootPart_Torso.Name = "Torso"
Torso_k3_HumanoidRootPart_Torso.CFrame = cf(0.207055, 0.000000, -0.397072, -0.140021, -0.955723, 0.258819, 0.989437, -0.144960, -0.000000, 0.037519, 0.256085, 0.965926)
Torso_k3_HumanoidRootPart_Torso.Parent = HumanoidRootPart_k3_HumanoidRootPart


--Left Leg
 Left_Leg_k3_HumanoidRootPart_Torso_Replace = Instance.new("Pose")
Left_Leg_k3_HumanoidRootPart_Torso_Replace.Name = "Left Leg"
Left_Leg_k3_HumanoidRootPart_Torso_Replace.CFrame = cf(-0.496712, 0.343897, -0.036036, 0.797957, 0.583107, -0.152480, -0.591605, 0.806119, -0.013262, 0.115184, 0.100790, 0.988218)
Left_Leg_k3_HumanoidRootPart_Torso_Replace.Parent = Torso_k3_HumanoidRootPart_Torso


--Right Arm
 Right_Arm_k3_HumanoidRootPart_Torso_Replace = Instance.new("Pose")
Right_Arm_k3_HumanoidRootPart_Torso_Replace.Name = "Right Arm"
Right_Arm_k3_HumanoidRootPart_Torso_Replace.CFrame = cf(0.877152, -0.257793, -0.318080, -0.534936, -0.812922, -0.230220, 0.669111, -0.573987, 0.472049, -0.515882, 0.098473, 0.850981)
Right_Arm_k3_HumanoidRootPart_Torso_Replace.Parent = Torso_k3_HumanoidRootPart_Torso


--Head
 Head_k3_HumanoidRootPart_Torso_Head = Instance.new("Pose")
Head_k3_HumanoidRootPart_Torso_Head.Name = "Head"
Head_k3_HumanoidRootPart_Torso_Head.CFrame = cf(0.000000, -0.000000, -0.000001, 0.996567, 0.076593, 0.031434, -0.081711, 0.971076, 0.224353, -0.013341, -0.226151, 0.974001)
Head_k3_HumanoidRootPart_Torso_Head.Parent = Torso_k3_HumanoidRootPart_Torso


--Right Leg
 Right_Leg_k3_HumanoidRootPart_Torso_Replace = Instance.new("Pose")
Right_Leg_k3_HumanoidRootPart_Torso_Replace.Name = "Right Leg"
Right_Leg_k3_HumanoidRootPart_Torso_Replace.CFrame = cf(-0.180718, 0.068937, -0.038904, 0.776807, 0.510703, -0.368446, -0.495738, 0.856730, 0.142332, 0.388349, 0.072088, 0.918689)
Right_Leg_k3_HumanoidRootPart_Torso_Replace.Parent = Torso_k3_HumanoidRootPart_Torso


--Left Arm
 Left_Arm_k3_HumanoidRootPart_Torso_Replace = Instance.new("Pose")
Left_Arm_k3_HumanoidRootPart_Torso_Replace.Name = "Left Arm"
Left_Arm_k3_HumanoidRootPart_Torso_Replace.CFrame = cf(0.121289, -0.032615, 0.010197, 0.500653, -0.839153, 0.212528, 0.793879, 0.542972, 0.273747, -0.345113, 0.031669, 0.938027)
Left_Arm_k3_HumanoidRootPart_Torso_Replace.Parent = Torso_k3_HumanoidRootPart_Torso


-- Keyframe 4 (Time: 0.10333333164453506)
 keyframe4 = Instance.new("Keyframe")
keyframe4.Time = 0.10333333164453506
keyframe4.Parent = KeyframeSequence

--HumanoidRootPart
 HumanoidRootPart_k4_HumanoidRootPart = Instance.new("Pose")
HumanoidRootPart_k4_HumanoidRootPart.Name = "HumanoidRootPart"
HumanoidRootPart_k4_HumanoidRootPart.CFrame = cf(0.000000, 0.000000, 0.000000, 1.000000, 0.000000, 0.000000, 0.000000, 1.000000, 0.000000, 0.000000, 0.000000, 1.000000)
HumanoidRootPart_k4_HumanoidRootPart.Parent = keyframe4


--Torso
 Torso_k4_HumanoidRootPart_Torso = Instance.new("Pose")
Torso_k4_HumanoidRootPart_Torso.Name = "Torso"
Torso_k4_HumanoidRootPart_Torso.CFrame = cf(0.207055, 0.000000, -0.492704, -0.169405, -0.950955, 0.258819, 0.984501, -0.175381, -0.000000, 0.045392, 0.254807, 0.965926)
Torso_k4_HumanoidRootPart_Torso.Parent = HumanoidRootPart_k4_HumanoidRootPart


--Left Leg
 Left_Leg_k4_HumanoidRootPart_Torso_Replace = Instance.new("Pose")
Left_Leg_k4_HumanoidRootPart_Torso_Replace.Name = "Left Leg"
Left_Leg_k4_HumanoidRootPart_Torso_Replace.CFrame = cf(-0.455612, 0.394703, -0.041628, 0.767448, 0.614668, -0.182227, -0.626838, 0.779055, -0.012105, 0.134525, 0.123517, 0.983182)
Left_Leg_k4_HumanoidRootPart_Torso_Replace.Parent = Torso_k4_HumanoidRootPart_Torso


--Right Arm
 Right_Arm_k4_HumanoidRootPart_Torso_Replace = Instance.new("Pose")
Right_Arm_k4_HumanoidRootPart_Torso_Replace.Name = "Right Arm"
Right_Arm_k4_HumanoidRootPart_Torso_Replace.CFrame = cf(0.877152, -0.257792, -0.318080, -0.539459, -0.809196, -0.232778, 0.664838, -0.578991, 0.471973, -0.516695, 0.099851, 0.850327)
Right_Arm_k4_HumanoidRootPart_Torso_Replace.Parent = Torso_k4_HumanoidRootPart_Torso


--Head
 Head_k4_HumanoidRootPart_Torso_Head = Instance.new("Pose")
Head_k4_HumanoidRootPart_Torso_Head.Name = "Head"
Head_k4_HumanoidRootPart_Torso_Head.CFrame = cf(0.000000, -0.000000, -0.000000, 0.992552, 0.115839, 0.037719, -0.121370, 0.967007, 0.223982, -0.010528, -0.226891, 0.973863)
Head_k4_HumanoidRootPart_Torso_Head.Parent = Torso_k4_HumanoidRootPart_Torso


--Right Leg
 Right_Leg_k4_HumanoidRootPart_Torso_Replace = Instance.new("Pose")
Right_Leg_k4_HumanoidRootPart_Torso_Replace.Name = "Right Leg"
Right_Leg_k4_HumanoidRootPart_Torso_Replace.CFrame = cf(-0.198817, 0.081200, -0.048449, 0.729111, 0.552293, -0.404190, -0.534749, 0.828306, 0.167191, 0.427132, 0.094239, 0.899265)
Right_Leg_k4_HumanoidRootPart_Torso_Replace.Parent = Torso_k4_HumanoidRootPart_Torso


--Left Arm
 Left_Arm_k4_HumanoidRootPart_Torso_Replace = Instance.new("Pose")
Left_Arm_k4_HumanoidRootPart_Torso_Replace.Name = "Left Arm"
Left_Arm_k4_HumanoidRootPart_Torso_Replace.CFrame = cf(0.121289, -0.032614, 0.010197, 0.486802, -0.847288, 0.212431, 0.797663, 0.530308, 0.287241, -0.356029, 0.029619, 0.934005)
Left_Arm_k4_HumanoidRootPart_Torso_Replace.Parent = Torso_k4_HumanoidRootPart_Torso


-- Keyframe 5 (Time: 0.1379166692495346)
 keyframe5 = Instance.new("Keyframe")
keyframe5.Time = 0.1379166692495346
keyframe5.Parent = KeyframeSequence

--HumanoidRootPart
 HumanoidRootPart_k5_HumanoidRootPart = Instance.new("Pose")
HumanoidRootPart_k5_HumanoidRootPart.Name = "HumanoidRootPart"
HumanoidRootPart_k5_HumanoidRootPart.CFrame = cf(0.000000, 0.000000, 0.000000, 1.000000, 0.000000, 0.000000, 0.000000, 1.000000, 0.000000, 0.000000, 0.000000, 1.000000)
HumanoidRootPart_k5_HumanoidRootPart.Parent = keyframe5


--Torso
 Torso_k5_HumanoidRootPart_Torso = Instance.new("Pose")
Torso_k5_HumanoidRootPart_Torso.Name = "Torso"
Torso_k5_HumanoidRootPart_Torso.CFrame = cf(0.207055, 0.000000, -0.509529, -0.198621, -0.945284, 0.258819, 0.978630, -0.205627, -0.000000, 0.053220, 0.253288, 0.965926)
Torso_k5_HumanoidRootPart_Torso.Parent = HumanoidRootPart_k5_HumanoidRootPart


--Left Leg
 Left_Leg_k5_HumanoidRootPart_Torso_Replace = Instance.new("Pose")
Left_Leg_k5_HumanoidRootPart_Torso_Replace.Name = "Left Leg"
Left_Leg_k5_HumanoidRootPart_Torso_Replace.CFrame = cf(-0.419170, 0.353337, -0.049026, 0.726525, 0.654077, -0.210581, -0.670460, 0.741894, -0.008784, 0.150483, 0.147568, 0.977537)
Left_Leg_k5_HumanoidRootPart_Torso_Replace.Parent = Torso_k5_HumanoidRootPart_Torso


--Right Arm
 Right_Arm_k5_HumanoidRootPart_Torso_Replace = Instance.new("Pose")
Right_Arm_k5_HumanoidRootPart_Torso_Replace.Name = "Right Arm"
Right_Arm_k5_HumanoidRootPart_Torso_Replace.CFrame = cf(0.877152, -0.257792, -0.318080, -0.543954, -0.805438, -0.235335, 0.660536, -0.583970, 0.471881, -0.517500, 0.101234, 0.849674)
Right_Arm_k5_HumanoidRootPart_Torso_Replace.Parent = Torso_k5_HumanoidRootPart_Torso


--Head
 Head_k5_HumanoidRootPart_Torso_Head = Instance.new("Pose")
Head_k5_HumanoidRootPart_Torso_Head.Name = "Head"
Head_k5_HumanoidRootPart_Torso_Head.CFrame = cf(0.000000, -0.000000, -0.000000, 0.986954, 0.154878, 0.043981, -0.160818, 0.961378, 0.223361, -0.007689, -0.227520, 0.973743)
Head_k5_HumanoidRootPart_Torso_Head.Parent = Torso_k5_HumanoidRootPart_Torso


--Right Leg
 Right_Leg_k5_HumanoidRootPart_Torso_Replace = Instance.new("Pose")
Right_Leg_k5_HumanoidRootPart_Torso_Replace.Name = "Right Leg"
Right_Leg_k5_HumanoidRootPart_Torso_Replace.CFrame = cf(-0.214267, 0.087271, -0.056724, 0.699701, 0.566864, -0.434837, -0.549525, 0.815973, 0.179475, 0.456553, 0.113375, 0.882443)
Right_Leg_k5_HumanoidRootPart_Torso_Replace.Parent = Torso_k5_HumanoidRootPart_Torso


--Left Arm
 Left_Arm_k5_HumanoidRootPart_Torso_Replace = Instance.new("Pose")
Left_Arm_k5_HumanoidRootPart_Torso_Replace.Name = "Left Arm"
Left_Arm_k5_HumanoidRootPart_Torso_Replace.CFrame = cf(0.121289, -0.032614, 0.010197, 0.472848, -0.855234, 0.212109, 0.801114, 0.517499, 0.300685, -0.366922, 0.027745, 0.929838)
Left_Arm_k5_HumanoidRootPart_Torso_Replace.Parent = Torso_k5_HumanoidRootPart_Torso


-- Keyframe 6 (Time: 0.17249999940395355)
 keyframe6 = Instance.new("Keyframe")
keyframe6.Time = 0.17249999940395355
keyframe6.Parent = KeyframeSequence

--HumanoidRootPart
 HumanoidRootPart_k6_HumanoidRootPart = Instance.new("Pose")
HumanoidRootPart_k6_HumanoidRootPart.Name = "HumanoidRootPart"
HumanoidRootPart_k6_HumanoidRootPart.CFrame = cf(0.000000, 0.000000, 0.000000, 1.000000, 0.000000, 0.000000, 0.000000, 1.000000, 0.000000, 0.000000, 0.000000, 1.000000)
HumanoidRootPart_k6_HumanoidRootPart.Parent = keyframe6


--Torso
 Torso_k6_HumanoidRootPart_Torso = Instance.new("Pose")
Torso_k6_HumanoidRootPart_Torso.Name = "Torso"
Torso_k6_HumanoidRootPart_Torso.CFrame = cf(0.207055, 0.000000, -0.526354, -0.227627, -0.938722, 0.258819, 0.971836, -0.235657, -0.000000, 0.060993, 0.251530, 0.965926)
Torso_k6_HumanoidRootPart_Torso.Parent = HumanoidRootPart_k6_HumanoidRootPart


--Left Leg
 Left_Leg_k6_HumanoidRootPart_Torso_Replace = Instance.new("Pose")
Left_Leg_k6_HumanoidRootPart_Torso_Replace.Name = "Left Leg"
Left_Leg_k6_HumanoidRootPart_Torso_Replace.CFrame = cf(-0.374430, 0.296819, -0.053571, 0.676188, 0.697213, -0.238040, -0.718564, 0.695448, -0.004239, 0.162589, 0.173914, 0.971246)
Left_Leg_k6_HumanoidRootPart_Torso_Replace.Parent = Torso_k6_HumanoidRootPart_Torso


--Right Arm
 Right_Arm_k6_HumanoidRootPart_Torso_Replace = Instance.new("Pose")
Right_Arm_k6_HumanoidRootPart_Torso_Replace.Name = "Right Arm"
Right_Arm_k6_HumanoidRootPart_Torso_Replace.CFrame = cf(0.877152, -0.257793, -0.318080, -0.548423, -0.801648, -0.237893, 0.656204, -0.588922, 0.471771, -0.518294, 0.102624, 0.849023)
Right_Arm_k6_HumanoidRootPart_Torso_Replace.Parent = Torso_k6_HumanoidRootPart_Torso


--Head
 Head_k6_HumanoidRootPart_Torso_Head = Instance.new("Pose")
Head_k6_HumanoidRootPart_Torso_Head.Name = "Head"
Head_k6_HumanoidRootPart_Torso_Head.CFrame = cf(0.000000, 0.000000, -0.000000, 0.979792, 0.193617, 0.050207, -0.199962, 0.954208, 0.222491, -0.004829, -0.228035, 0.973641)
Head_k6_HumanoidRootPart_Torso_Head.Parent = Torso_k6_HumanoidRootPart_Torso


--Right Leg
 Right_Leg_k6_HumanoidRootPart_Torso_Replace = Instance.new("Pose")
Right_Leg_k6_HumanoidRootPart_Torso_Replace.Name = "Right Leg"
Right_Leg_k6_HumanoidRootPart_Torso_Replace.CFrame = cf(-0.229476, 0.093770, -0.065755, 0.668673, 0.580229, -0.464985, -0.563287, 0.803499, 0.192605, 0.485370, 0.133130, 0.864114)
Right_Leg_k6_HumanoidRootPart_Torso_Replace.Parent = Torso_k6_HumanoidRootPart_Torso


--Left Arm
 Left_Arm_k6_HumanoidRootPart_Torso_Replace = Instance.new("Pose")
Left_Arm_k6_HumanoidRootPart_Torso_Replace.Name = "Left Arm"
Left_Arm_k6_HumanoidRootPart_Torso_Replace.CFrame = cf(0.121289, -0.032614, 0.010197, 0.458798, -0.862987, 0.211560, 0.804228, 0.504554, 0.314073, -0.377784, 0.026046, 0.925527)
Left_Arm_k6_HumanoidRootPart_Torso_Replace.Parent = Torso_k6_HumanoidRootPart_Torso


-- Keyframe 7 (Time: 0.2070833295583725)
 keyframe7 = Instance.new("Keyframe")
keyframe7.Time = 0.2070833295583725
keyframe7.Parent = KeyframeSequence

--HumanoidRootPart
 HumanoidRootPart_k7_HumanoidRootPart = Instance.new("Pose")
HumanoidRootPart_k7_HumanoidRootPart.Name = "HumanoidRootPart"
HumanoidRootPart_k7_HumanoidRootPart.CFrame = cf(0.000000, 0.000000, 0.000000, 1.000000, 0.000000, 0.000000, 0.000000, 1.000000, 0.000000, 0.000000, 0.000000, 1.000000)
HumanoidRootPart_k7_HumanoidRootPart.Parent = keyframe7


--Torso
 Torso_k7_HumanoidRootPart_Torso = Instance.new("Pose")
Torso_k7_HumanoidRootPart_Torso.Name = "Torso"
Torso_k7_HumanoidRootPart_Torso.CFrame = cf(0.207055, 0.000000, -0.280950, -0.145105, -0.954965, 0.258819, 0.988652, -0.150224, -0.000000, 0.038881, 0.255882, 0.965926)
Torso_k7_HumanoidRootPart_Torso.Parent = HumanoidRootPart_k7_HumanoidRootPart


--Left Leg
 Left_Leg_k7_HumanoidRootPart_Torso_Replace = Instance.new("Pose")
Left_Leg_k7_HumanoidRootPart_Torso_Replace.Name = "Left Leg"
Left_Leg_k7_HumanoidRootPart_Torso_Replace.CFrame = cf(-0.435929, 0.293310, -0.051187, 0.879689, 0.450872, -0.151203, -0.456364, 0.889791, -0.001829, 0.133715, 0.070612, 0.988501)
Left_Leg_k7_HumanoidRootPart_Torso_Replace.Parent = Torso_k7_HumanoidRootPart_Torso


--Right Arm
 Right_Arm_k7_HumanoidRootPart_Torso_Replace = Instance.new("Pose")
Right_Arm_k7_HumanoidRootPart_Torso_Replace.Name = "Right Arm"
Right_Arm_k7_HumanoidRootPart_Torso_Replace.CFrame = cf(0.287844, -0.444050, -0.189736, -0.203108, -0.973603, -0.104139, 0.852576, -0.228151, 0.470171, -0.481519, 0.006709, 0.876410)
Right_Arm_k7_HumanoidRootPart_Torso_Replace.Parent = Torso_k7_HumanoidRootPart_Torso


--Head
 Head_k7_HumanoidRootPart_Torso_Head = Instance.new("Pose")
Head_k7_HumanoidRootPart_Torso_Head.Name = "Head"
Head_k7_HumanoidRootPart_Torso_Head.CFrame = cf(0.000000, 0.000000, 0.000000, 0.993695, 0.108960, 0.026437, -0.112117, 0.967823, 0.225275, -0.001040, -0.226819, 0.973936)
Head_k7_HumanoidRootPart_Torso_Head.Parent = Torso_k7_HumanoidRootPart_Torso


--Right Leg
 Right_Leg_k7_HumanoidRootPart_Torso_Replace = Instance.new("Pose")
Right_Leg_k7_HumanoidRootPart_Torso_Replace.Name = "Right Leg"
Right_Leg_k7_HumanoidRootPart_Torso_Replace.CFrame = cf(0.319640, -0.148393, 0.055838, 0.743820, 0.650837, -0.152131, -0.657920, 0.753071, 0.004946, 0.117785, 0.096411, 0.988348)
Right_Leg_k7_HumanoidRootPart_Torso_Replace.Parent = Torso_k7_HumanoidRootPart_Torso


--Left Arm
 Left_Arm_k7_HumanoidRootPart_Torso_Replace = Instance.new("Pose")
Left_Arm_k7_HumanoidRootPart_Torso_Replace.Name = "Left Arm"
Left_Arm_k7_HumanoidRootPart_Torso_Replace.CFrame = cf(0.247662, -0.209062, -0.066087, 0.997034, -0.070616, 0.030598, 0.066112, 0.989415, 0.129181, -0.039397, -0.126775, 0.991149)
Left_Arm_k7_HumanoidRootPart_Torso_Replace.Parent = Torso_k7_HumanoidRootPart_Torso


-- Keyframe 8 (Time: 0.24124999344348907)
 keyframe8 = Instance.new("Keyframe")
keyframe8.Time = 0.24124999344348907
keyframe8.Parent = KeyframeSequence

--HumanoidRootPart
 HumanoidRootPart_k8_HumanoidRootPart = Instance.new("Pose")
HumanoidRootPart_k8_HumanoidRootPart.Name = "HumanoidRootPart"
HumanoidRootPart_k8_HumanoidRootPart.CFrame = cf(0.000000, 0.000000, 0.000000, 1.000000, 0.000000, 0.000000, 0.000000, 1.000000, 0.000000, 0.000000, 0.000000, 1.000000)
HumanoidRootPart_k8_HumanoidRootPart.Parent = keyframe8


--Torso
 Torso_k8_HumanoidRootPart_Torso = Instance.new("Pose")
Torso_k8_HumanoidRootPart_Torso.Name = "Torso"
Torso_k8_HumanoidRootPart_Torso.CFrame = cf(0.207055, 0.000000, -0.035545, -0.061162, -0.963988, 0.258819, 0.997993, -0.063320, -0.000000, 0.016388, 0.258300, 0.965926)
Torso_k8_HumanoidRootPart_Torso.Parent = HumanoidRootPart_k8_HumanoidRootPart


--Left Leg
 Left_Leg_k8_HumanoidRootPart_Torso_Replace = Instance.new("Pose")
Left_Leg_k8_HumanoidRootPart_Torso_Replace.Name = "Left Leg"
Left_Leg_k8_HumanoidRootPart_Torso_Replace.CFrame = cf(-0.065195, -0.032642, -0.001263, 0.891732, 0.448081, -0.063550, -0.449014, 0.893525, -0.000451, 0.056581, 0.028937, 0.997979)
Left_Leg_k8_HumanoidRootPart_Torso_Replace.Parent = Torso_k8_HumanoidRootPart_Torso


--Right Arm
 Right_Arm_k8_HumanoidRootPart_Torso_Replace = Instance.new("Pose")
Right_Arm_k8_HumanoidRootPart_Torso_Replace.Name = "Right Arm"
Right_Arm_k8_HumanoidRootPart_Torso_Replace.CFrame = cf(-0.301465, -0.630309, -0.061392, 0.187145, -0.982209, 0.015565, 0.893025, 0.176711, 0.413859, -0.409246, -0.063552, 0.910208)
Right_Arm_k8_HumanoidRootPart_Torso_Replace.Parent = Torso_k8_HumanoidRootPart_Torso


--Head
 Head_k8_HumanoidRootPart_Torso_Head = Instance.new("Pose")
Head_k8_HumanoidRootPart_Torso_Head.Name = "Head"
Head_k8_HumanoidRootPart_Torso_Head.CFrame = cf(0.000000, 0.000000, -0.000000, 0.999731, 0.023082, 0.002417, -0.023031, 0.973870, 0.225934, 0.002861, -0.225929, 0.974140)
Head_k8_HumanoidRootPart_Torso_Head.Parent = Torso_k8_HumanoidRootPart_Torso


--Right Leg
 Right_Leg_k8_HumanoidRootPart_Torso_Replace = Instance.new("Pose")
Right_Leg_k8_HumanoidRootPart_Torso_Replace.Name = "Right Leg"
Right_Leg_k8_HumanoidRootPart_Torso_Replace.CFrame = cf(0.713566, -0.009023, 0.046496, 0.780543, 0.621858, -0.063598, -0.623079, 0.782159, 0.000817, 0.050252, 0.038989, 0.997975)
Right_Leg_k8_HumanoidRootPart_Torso_Replace.Parent = Torso_k8_HumanoidRootPart_Torso


--Left Arm
 Left_Arm_k8_HumanoidRootPart_Torso_Replace = Instance.new("Pose")
Left_Arm_k8_HumanoidRootPart_Torso_Replace.Name = "Left Arm"
Left_Arm_k8_HumanoidRootPart_Torso_Replace.CFrame = cf(0.374035, -0.385510, -0.142371, 0.588383, 0.774943, -0.230802, -0.759369, 0.627644, 0.171527, 0.277785, 0.074341, 0.957762)
Left_Arm_k8_HumanoidRootPart_Torso_Replace.Parent = Torso_k8_HumanoidRootPart_Torso


-- Keyframe 9 (Time: 0.2758333384990692)
 keyframe9 = Instance.new("Keyframe")
keyframe9.Time = 0.2758333384990692
keyframe9.Parent = KeyframeSequence

--HumanoidRootPart
 HumanoidRootPart_k9_HumanoidRootPart = Instance.new("Pose")
HumanoidRootPart_k9_HumanoidRootPart.Name = "HumanoidRootPart"
HumanoidRootPart_k9_HumanoidRootPart.CFrame = cf(0.000000, 0.000000, 0.000000, 1.000000, 0.000000, 0.000000, 0.000000, 1.000000, 0.000000, 0.000000, 0.000000, 1.000000)
HumanoidRootPart_k9_HumanoidRootPart.Parent = keyframe9


--Torso
 Torso_k9_HumanoidRootPart_Torso = Instance.new("Pose")
Torso_k9_HumanoidRootPart_Torso.Name = "Torso"
Torso_k9_HumanoidRootPart_Torso.CFrame = cf(0.207055, 0.000000, -0.022840, 0.023249, -0.965646, 0.258819, 0.999710, 0.024069, -0.000000, -0.006229, 0.258744, 0.965926)
Torso_k9_HumanoidRootPart_Torso.Parent = HumanoidRootPart_k9_HumanoidRootPart


--Left Leg
 Left_Leg_k9_HumanoidRootPart_Torso_Replace = Instance.new("Pose")
Left_Leg_k9_HumanoidRootPart_Torso_Replace.Name = "Left Leg"
Left_Leg_k9_HumanoidRootPart_Torso_Replace.CFrame = cf(0.007707, 0.001066, -0.000041, 0.973186, 0.228753, 0.024107, -0.228821, 0.973469, 0.000078, -0.023450, -0.005592, 0.999709)
Left_Leg_k9_HumanoidRootPart_Torso_Replace.Parent = Torso_k9_HumanoidRootPart_Torso


--Right Arm
 Right_Arm_k9_HumanoidRootPart_Torso_Replace = Instance.new("Pose")
Right_Arm_k9_HumanoidRootPart_Torso_Replace.Name = "Right Arm"
Right_Arm_k9_HumanoidRootPart_Torso_Replace.CFrame = cf(-0.301465, -0.630308, -0.061392, 0.210869, -0.977221, 0.023962, 0.891432, 0.202300, 0.405492, -0.401103, -0.064145, 0.913784)
Right_Arm_k9_HumanoidRootPart_Torso_Replace.Parent = Torso_k9_HumanoidRootPart_Torso


--Head
 Head_k9_HumanoidRootPart_Torso_Head = Instance.new("Pose")
Head_k9_HumanoidRootPart_Torso_Head.Name = "Head"
Head_k9_HumanoidRootPart_Torso_Head.CFrame = cf(0.000000, -0.000000, 0.000000, 0.997781, -0.062997, -0.021566, 0.066235, 0.972233, 0.224448, 0.006828, -0.225378, 0.974247)
Head_k9_HumanoidRootPart_Torso_Head.Parent = Torso_k9_HumanoidRootPart_Torso


--Right Leg
 Right_Leg_k9_HumanoidRootPart_Torso_Replace = Instance.new("Pose")
Right_Leg_k9_HumanoidRootPart_Torso_Replace.Name = "Right Leg"
Right_Leg_k9_HumanoidRootPart_Torso_Replace.CFrame = cf(0.929813, 0.429641, -0.022265, 0.853697, 0.520215, 0.024029, -0.520369, 0.853942, 0.000141, -0.020446, -0.012624, 0.999711)
Right_Leg_k9_HumanoidRootPart_Torso_Replace.Parent = Torso_k9_HumanoidRootPart_Torso


--Left Arm
 Left_Arm_k9_HumanoidRootPart_Torso_Replace = Instance.new("Pose")
Left_Arm_k9_HumanoidRootPart_Torso_Replace.Name = "Left Arm"
Left_Arm_k9_HumanoidRootPart_Torso_Replace.CFrame = cf(0.374034, -0.385510, -0.142371, 0.484458, 0.849775, -0.207806, -0.819130, 0.524032, 0.233273, 0.307127, 0.057209, 0.949947)
Left_Arm_k9_HumanoidRootPart_Torso_Replace.Parent = Torso_k9_HumanoidRootPart_Torso


-- Keyframe 10 (Time: 0.31041666865348816)
 keyframe10 = Instance.new("Keyframe")
keyframe10.Time = 0.31041666865348816
keyframe10.Parent = KeyframeSequence

--HumanoidRootPart
 HumanoidRootPart_k10_HumanoidRootPart = Instance.new("Pose")
HumanoidRootPart_k10_HumanoidRootPart.Name = "HumanoidRootPart"
HumanoidRootPart_k10_HumanoidRootPart.CFrame = cf(0.000000, 0.000000, 0.000000, 1.000000, 0.000000, 0.000000, 0.000000, 1.000000, 0.000000, 0.000000, 0.000000, 1.000000)
HumanoidRootPart_k10_HumanoidRootPart.Parent = keyframe10


--Torso
 Torso_k10_HumanoidRootPart_Torso = Instance.new("Pose")
Torso_k10_HumanoidRootPart_Torso.Name = "Torso"
Torso_k10_HumanoidRootPart_Torso.CFrame = cf(0.207055, 0.000000, -0.010135, 0.107162, -0.959963, 0.258819, 0.993827, 0.110942, -0.000000, -0.028714, 0.257221, 0.965926)
Torso_k10_HumanoidRootPart_Torso.Parent = HumanoidRootPart_k10_HumanoidRootPart


--Left Leg
 Left_Leg_k10_HumanoidRootPart_Torso_Replace = Instance.new("Pose")
Left_Leg_k10_HumanoidRootPart_Torso_Replace.Name = "Left Leg"
Left_Leg_k10_HumanoidRootPart_Torso_Replace.CFrame = cf(0.051530, 0.001756, -0.002645, 0.972682, 0.203470, 0.111754, -0.204936, 0.978774, 0.001671, -0.109042, -0.024528, 0.993734)
Left_Leg_k10_HumanoidRootPart_Torso_Replace.Parent = Torso_k10_HumanoidRootPart_Torso


--Right Arm
 Right_Arm_k10_HumanoidRootPart_Torso_Replace = Instance.new("Pose")
Right_Arm_k10_HumanoidRootPart_Torso_Replace.Name = "Right Arm"
Right_Arm_k10_HumanoidRootPart_Torso_Replace.CFrame = cf(-0.301465, -0.630309, -0.061392, 0.234529, -0.971578, 0.032136, 0.889162, 0.227762, 0.396882, -0.392921, -0.064506, 0.917307)
Right_Arm_k10_HumanoidRootPart_Torso_Replace.Parent = Torso_k10_HumanoidRootPart_Torso


--Head
 Head_k10_HumanoidRootPart_Torso_Head = Instance.new("Pose")
Head_k10_HumanoidRootPart_Torso_Head.Name = "Head"
Head_k10_HumanoidRootPart_Torso_Head.CFrame = cf(0.000000, 0.000000, -0.000000, 0.987915, -0.148249, -0.045227, 0.154617, 0.962975, 0.220847, 0.010813, -0.225171, 0.974259)
Head_k10_HumanoidRootPart_Torso_Head.Parent = Torso_k10_HumanoidRootPart_Torso


--Right Leg
 Right_Leg_k10_HumanoidRootPart_Torso_Replace = Instance.new("Pose")
Right_Leg_k10_HumanoidRootPart_Torso_Replace.Name = "Right Leg"
Right_Leg_k10_HumanoidRootPart_Torso_Replace.CFrame = cf(0.848529, 0.407309, -0.091962, 0.931499, 0.346672, 0.110122, -0.349049, 0.937102, 0.002463, -0.102342, -0.040733, 0.993915)
Right_Leg_k10_HumanoidRootPart_Torso_Replace.Parent = Torso_k10_HumanoidRootPart_Torso


--Left Arm
 Left_Arm_k10_HumanoidRootPart_Torso_Replace = Instance.new("Pose")
Left_Arm_k10_HumanoidRootPart_Torso_Replace.Name = "Left Arm"
Left_Arm_k10_HumanoidRootPart_Torso_Replace.CFrame = cf(0.374035, -0.385510, -0.142371, 0.373096, 0.910788, -0.176820, -0.864016, 0.410521, 0.291460, 0.338046, 0.044033, 0.940099)
Left_Arm_k10_HumanoidRootPart_Torso_Replace.Parent = Torso_k10_HumanoidRootPart_Torso


-- Keyframe 11 (Time: 0.3449999988079071)
 keyframe11 = Instance.new("Keyframe")
keyframe11.Time = 0.3449999988079071
keyframe11.Parent = KeyframeSequence

--HumanoidRootPart
 HumanoidRootPart_k11_HumanoidRootPart = Instance.new("Pose")
HumanoidRootPart_k11_HumanoidRootPart.Name = "HumanoidRootPart"
HumanoidRootPart_k11_HumanoidRootPart.CFrame = cf(0.000000, 0.000000, 0.000000, 1.000000, 0.000000, 0.000000, 0.000000, 1.000000, 0.000000, 0.000000, 0.000000, 1.000000)
HumanoidRootPart_k11_HumanoidRootPart.Parent = keyframe11


--Torso
 Torso_k11_HumanoidRootPart_Torso = Instance.new("Pose")
Torso_k11_HumanoidRootPart_Torso.Name = "Torso"
Torso_k11_HumanoidRootPart_Torso.CFrame = cf(0.207055, 0.000000, -0.018698, 0.157015, -0.953079, 0.258819, 0.986700, 0.162554, -0.000000, -0.042072, 0.255377, 0.965926)
Torso_k11_HumanoidRootPart_Torso.Parent = HumanoidRootPart_k11_HumanoidRootPart


--Left Leg
 Left_Leg_k11_HumanoidRootPart_Torso_Replace = Instance.new("Pose")
Left_Leg_k11_HumanoidRootPart_Torso_Replace.Name = "Left Leg"
Left_Leg_k11_HumanoidRootPart_Torso_Replace.CFrame = cf(0.031784, 0.012364, 0.001552, 0.973398, 0.159684, 0.164310, -0.162482, 0.986705, 0.003643, -0.161544, -0.030243, 0.986402)
Left_Leg_k11_HumanoidRootPart_Torso_Replace.Parent = Torso_k11_HumanoidRootPart_Torso


--Right Arm
 Right_Arm_k11_HumanoidRootPart_Torso_Replace = Instance.new("Pose")
Right_Arm_k11_HumanoidRootPart_Torso_Replace.Name = "Right Arm"
Right_Arm_k11_HumanoidRootPart_Torso_Replace.CFrame = cf(-0.301465, -0.630308, -0.061392, 0.258099, -0.965287, 0.040077, 0.886219, 0.253069, 0.388037, -0.384709, -0.064635, 0.920772)
Right_Arm_k11_HumanoidRootPart_Torso_Replace.Parent = Torso_k11_HumanoidRootPart_Torso


--Head
 Head_k11_HumanoidRootPart_Torso_Head = Instance.new("Pose")
Head_k11_HumanoidRootPart_Torso_Head.Name = "Head"
Head_k11_HumanoidRootPart_Torso_Head.CFrame = cf(0.000000, -0.000000, -0.000000, 0.987915, -0.148249, -0.045227, 0.154617, 0.962975, 0.220847, 0.010813, -0.225171, 0.974259)
Head_k11_HumanoidRootPart_Torso_Head.Parent = Torso_k11_HumanoidRootPart_Torso


--Right Leg
 Right_Leg_k11_HumanoidRootPart_Torso_Replace = Instance.new("Pose")
Right_Leg_k11_HumanoidRootPart_Torso_Replace.Name = "Right Leg"
Right_Leg_k11_HumanoidRootPart_Torso_Replace.CFrame = cf(0.733631, 0.342607, -0.114521, 0.970703, 0.178524, 0.160828, -0.181604, 0.983361, 0.004539, -0.157341, -0.033613, 0.986972)
Right_Leg_k11_HumanoidRootPart_Torso_Replace.Parent = Torso_k11_HumanoidRootPart_Torso


--Left Arm
 Left_Arm_k11_HumanoidRootPart_Torso_Replace = Instance.new("Pose")
Left_Arm_k11_HumanoidRootPart_Torso_Replace.Name = "Left Arm"
Left_Arm_k11_HumanoidRootPart_Torso_Replace.CFrame = cf(0.374034, -0.385510, -0.142371, 0.257330, 0.956320, -0.138687, -0.892806, 0.290200, 0.344502, 0.369701, 0.035170, 0.928485)
Left_Arm_k11_HumanoidRootPart_Torso_Replace.Parent = Torso_k11_HumanoidRootPart_Torso


-- Keyframe 12 (Time: 0.3791666626930237)
 keyframe12 = Instance.new("Keyframe")
keyframe12.Time = 0.3791666626930237
keyframe12.Parent = KeyframeSequence

--HumanoidRootPart
 HumanoidRootPart_k12_HumanoidRootPart = Instance.new("Pose")
HumanoidRootPart_k12_HumanoidRootPart.Name = "HumanoidRootPart"
HumanoidRootPart_k12_HumanoidRootPart.CFrame = cf(0.000000, 0.000000, 0.000000, 1.000000, 0.000000, 0.000000, 0.000000, 1.000000, 0.000000, 0.000000, 0.000000, 1.000000)
HumanoidRootPart_k12_HumanoidRootPart.Parent = keyframe12


--Torso
 Torso_k12_HumanoidRootPart_Torso = Instance.new("Pose")
Torso_k12_HumanoidRootPart_Torso.Name = "Torso"
Torso_k12_HumanoidRootPart_Torso.CFrame = cf(0.207055, 0.000000, -0.027259, 0.206441, -0.943607, 0.258819, 0.976894, 0.213724, -0.000000, -0.055316, 0.252839, 0.965926)
Torso_k12_HumanoidRootPart_Torso.Parent = HumanoidRootPart_k12_HumanoidRootPart


--Left Leg
 Left_Leg_k12_HumanoidRootPart_Torso_Replace = Instance.new("Pose")
Left_Leg_k12_HumanoidRootPart_Torso_Replace.Name = "Left Leg"
Left_Leg_k12_HumanoidRootPart_Torso_Replace.CFrame = cf(-0.049920, 0.038683, 0.023022, 0.973137, 0.077533, 0.216779, -0.080837, 0.996707, 0.006405, -0.215568, -0.023757, 0.976200)
Left_Leg_k12_HumanoidRootPart_Torso_Replace.Parent = Torso_k12_HumanoidRootPart_Torso


--Right Arm
 Right_Arm_k12_HumanoidRootPart_Torso_Replace = Instance.new("Pose")
Right_Arm_k12_HumanoidRootPart_Torso_Replace.Name = "Right Arm"
Right_Arm_k12_HumanoidRootPart_Torso_Replace.CFrame = cf(-0.352409, -0.446504, -0.013634, 0.988903, -0.144560, -0.034251, 0.137144, 0.799660, 0.584581, -0.057118, -0.582792, 0.810612)
Right_Arm_k12_HumanoidRootPart_Torso_Replace.Parent = Torso_k12_HumanoidRootPart_Torso


--Head
 Head_k12_HumanoidRootPart_Torso_Head = Instance.new("Pose")
Head_k12_HumanoidRootPart_Torso_Head.Name = "Head"
Head_k12_HumanoidRootPart_Torso_Head.CFrame = cf(0.000000, -0.000000, 0.000000, 0.987915, -0.148249, -0.045227, 0.154617, 0.962975, 0.220847, 0.010813, -0.225171, 0.974259)
Head_k12_HumanoidRootPart_Torso_Head.Parent = Torso_k12_HumanoidRootPart_Torso


--Right Leg
 Right_Leg_k12_HumanoidRootPart_Torso_Replace = Instance.new("Pose")
Right_Leg_k12_HumanoidRootPart_Torso_Replace.Name = "Right Leg"
Right_Leg_k12_HumanoidRootPart_Torso_Replace.CFrame = cf(0.419472, 0.239221, -0.080561, 0.933285, -0.290758, 0.210807, 0.296085, 0.955139, 0.006555, -0.203256, 0.056299, 0.977506)
Right_Leg_k12_HumanoidRootPart_Torso_Replace.Parent = Torso_k12_HumanoidRootPart_Torso


--Left Arm
 Left_Arm_k12_HumanoidRootPart_Torso_Replace = Instance.new("Pose")
Left_Arm_k12_HumanoidRootPart_Torso_Replace.Name = "Left Arm"
Left_Arm_k12_HumanoidRootPart_Torso_Replace.CFrame = cf(0.005559, -0.385510, -0.142371, -0.034129, 0.998503, 0.042739, -0.934127, -0.047073, 0.353822, 0.355304, -0.027848, 0.934336)
Left_Arm_k12_HumanoidRootPart_Torso_Replace.Parent = Torso_k12_HumanoidRootPart_Torso


-- Keyframe 13 (Time: 0.4137499928474426)
 keyframe13 = Instance.new("Keyframe")
keyframe13.Time = 0.4137499928474426
keyframe13.Parent = KeyframeSequence

--HumanoidRootPart
 HumanoidRootPart_k13_HumanoidRootPart = Instance.new("Pose")
HumanoidRootPart_k13_HumanoidRootPart.Name = "HumanoidRootPart"
HumanoidRootPart_k13_HumanoidRootPart.CFrame = cf(0.000000, 0.000000, 0.000000, 1.000000, 0.000000, 0.000000, 0.000000, 1.000000, 0.000000, 0.000000, 0.000000, 1.000000)
HumanoidRootPart_k13_HumanoidRootPart.Parent = keyframe13


--Torso
 Torso_k13_HumanoidRootPart_Torso = Instance.new("Pose")
Torso_k13_HumanoidRootPart_Torso.Name = "Torso"
Torso_k13_HumanoidRootPart_Torso.CFrame = cf(0.140016, 0.019367, -0.478032, 0.510698, -0.841757, 0.175020, 0.852463, 0.522227, 0.024209, -0.111778, 0.136835, 0.984267)
Torso_k13_HumanoidRootPart_Torso.Parent = HumanoidRootPart_k13_HumanoidRootPart


--Left Leg
 Left_Leg_k13_HumanoidRootPart_Torso_Replace = Instance.new("Pose")
Left_Leg_k13_HumanoidRootPart_Torso_Replace.Name = "Left Leg"
Left_Leg_k13_HumanoidRootPart_Torso_Replace.CFrame = cf(0.268224, 0.047671, -0.080711, 0.626086, -0.560479, 0.542107, 0.613683, 0.783083, 0.100872, -0.481051, 0.269527, 0.834233)
Left_Leg_k13_HumanoidRootPart_Torso_Replace.Parent = Torso_k13_HumanoidRootPart_Torso


--Right Arm
 Right_Arm_k13_HumanoidRootPart_Torso_Replace = Instance.new("Pose")
Right_Arm_k13_HumanoidRootPart_Torso_Replace.Name = "Right Arm"
Right_Arm_k13_HumanoidRootPart_Torso_Replace.CFrame = cf(-0.403354, -0.262699, 0.034123, 0.736168, 0.675186, 0.046697, -0.667945, 0.713682, 0.210969, 0.109117, -0.186500, 0.976377)
Right_Arm_k13_HumanoidRootPart_Torso_Replace.Parent = Torso_k13_HumanoidRootPart_Torso


--Head
 Head_k13_HumanoidRootPart_Torso_Head = Instance.new("Pose")
Head_k13_HumanoidRootPart_Torso_Head.Name = "Head"
Head_k13_HumanoidRootPart_Torso_Head.CFrame = cf(0.000000, 0.000000, 0.000000, 0.830326, -0.541946, -0.129823, 0.554851, 0.825682, 0.101927, 0.051953, -0.156665, 0.986284)
Head_k13_HumanoidRootPart_Torso_Head.Parent = Torso_k13_HumanoidRootPart_Torso


--Right Leg
 Right_Leg_k13_HumanoidRootPart_Torso_Replace = Instance.new("Pose")
Right_Leg_k13_HumanoidRootPart_Torso_Replace.Name = "Right Leg"
Right_Leg_k13_HumanoidRootPart_Torso_Replace.CFrame = cf(0.531484, 0.375784, -0.255878, 0.737470, -0.450148, 0.503493, 0.508088, 0.860927, 0.025511, -0.444955, 0.237005, 0.863623)
Right_Leg_k13_HumanoidRootPart_Torso_Replace.Parent = Torso_k13_HumanoidRootPart_Torso


--Left Arm
 Left_Arm_k13_HumanoidRootPart_Torso_Replace = Instance.new("Pose")
Left_Arm_k13_HumanoidRootPart_Torso_Replace.Name = "Left Arm"
Left_Arm_k13_HumanoidRootPart_Torso_Replace.CFrame = cf(-0.362917, -0.385509, -0.142371, -0.322889, 0.921272, 0.216797, -0.875312, -0.377805, 0.301815, 0.359960, -0.092313, 0.928389)
Left_Arm_k13_HumanoidRootPart_Torso_Replace.Parent = Torso_k13_HumanoidRootPart_Torso


-- Keyframe 14 (Time: 0.4483333230018616)
 keyframe14 = Instance.new("Keyframe")
keyframe14.Time = 0.4483333230018616
keyframe14.Parent = KeyframeSequence

--HumanoidRootPart
 HumanoidRootPart_k14_HumanoidRootPart = Instance.new("Pose")
HumanoidRootPart_k14_HumanoidRootPart.Name = "HumanoidRootPart"
HumanoidRootPart_k14_HumanoidRootPart.CFrame = cf(0.000000, 0.000000, 0.000000, 1.000000, 0.000000, 0.000000, 0.000000, 1.000000, 0.000000, 0.000000, 0.000000, 1.000000)
HumanoidRootPart_k14_HumanoidRootPart.Parent = keyframe14


--Torso
 Torso_k14_HumanoidRootPart_Torso = Instance.new("Pose")
Torso_k14_HumanoidRootPart_Torso.Name = "Torso"
Torso_k14_HumanoidRootPart_Torso.CFrame = cf(0.139141, 0.015458, -0.503019, 0.521167, -0.835545, 0.173926, 0.846507, 0.532026, 0.019322, -0.108678, 0.137160, 0.984569)
Torso_k14_HumanoidRootPart_Torso.Parent = HumanoidRootPart_k14_HumanoidRootPart


--Left Leg
 Left_Leg_k14_HumanoidRootPart_Torso_Replace = Instance.new("Pose")
Left_Leg_k14_HumanoidRootPart_Torso_Replace.Name = "Left Leg"
Left_Leg_k14_HumanoidRootPart_Torso_Replace.CFrame = cf(0.270414, 0.022596, -0.081497, 0.606923, -0.570601, 0.553226, 0.630613, 0.769399, 0.101743, -0.483707, 0.287122, 0.826794)
Left_Leg_k14_HumanoidRootPart_Torso_Replace.Parent = Torso_k14_HumanoidRootPart_Torso


--Right Arm
 Right_Arm_k14_HumanoidRootPart_Torso_Replace = Instance.new("Pose")
Right_Arm_k14_HumanoidRootPart_Torso_Replace.Name = "Right Arm"
Right_Arm_k14_HumanoidRootPart_Torso_Replace.CFrame = cf(-0.403354, -0.262699, 0.034123, 0.733355, 0.678241, 0.046677, -0.670723, 0.710598, 0.212558, 0.110997, -0.187188, 0.976033)
Right_Arm_k14_HumanoidRootPart_Torso_Replace.Parent = Torso_k14_HumanoidRootPart_Torso


--Head
 Head_k14_HumanoidRootPart_Torso_Head = Instance.new("Pose")
Head_k14_HumanoidRootPart_Torso_Head.Name = "Head"
Head_k14_HumanoidRootPart_Torso_Head.CFrame = cf(0.000000, -0.000000, -0.000000, 0.830326, -0.541946, -0.129823, 0.554851, 0.825682, 0.101927, 0.051953, -0.156665, 0.986285)
Head_k14_HumanoidRootPart_Torso_Head.Parent = Torso_k14_HumanoidRootPart_Torso


--Right Leg
