-- KeyframeSequence Export: abunchofsilly
-- Generated on 2026-03-14 13:38:47

local KeyframeSequence = Instance.new("KeyframeSequence")
KeyframeSequence.Name = "abunchofsilly"
local cf=CFrame.new

-- Keyframe 1 (Time: 0)
 keyframe1 = Instance.new("Keyframe")
keyframe1.Time = 0
keyframe1.Parent = KeyframeSequence

--HumanoidRootPart
  HumanoidRootPart_k1_HumanoidRootPart = Instance.new("Pose")
HumanoidRootPart_k1_HumanoidRootPart.Name = "HumanoidRootPart"
HumanoidRootPart_k1_HumanoidRootPart.CFrame = cf(0.000000, 0.000000, 0.000000, 1.000000, 0.000000, 0.000000, 0.000000, 1.000000, 0.000000, 0.000000, 0.000000, 1.000000)
HumanoidRootPart_k1_HumanoidRootPart.Parent = keyframe1



--Torso
  Torso_k1_HumanoidRootPart_Torso = Instance.new("Pose")
Torso_k1_HumanoidRootPart_Torso.Name = "Torso"
Torso_k1_HumanoidRootPart_Torso.CFrame = cf(0.010263, -0.003094, -0.777771, 0.999890, 0.000033, 0.014846, 0.000033, 0.999990, -0.004475, -0.014846, 0.004475, 0.999880)
Torso_k1_HumanoidRootPart_Torso.Parent = HumanoidRootPart_k1_HumanoidRootPart



--Right Arm
  Right_Arm_k1_HumanoidRootPart_Torso_Right_Arm = Instance.new("Pose")
Right_Arm_k1_HumanoidRootPart_Torso_Right_Arm.Name = "Right Arm"
Right_Arm_k1_HumanoidRootPart_Torso_Right_Arm.CFrame = cf(0.003921, -0.000043, 0.000003, 0.999980, -0.005783, 0.002459, 0.005792, 0.999976, -0.003700, -0.002438, 0.003714, 0.999990)
Right_Arm_k1_HumanoidRootPart_Torso_Right_Arm.Parent = Torso_k1_HumanoidRootPart_Torso



--Left Arm
  Left_Arm_k1_HumanoidRootPart_Torso_Left_Arm = Instance.new("Pose")
Left_Arm_k1_HumanoidRootPart_Torso_Left_Arm.Name = "Left Arm"
Left_Arm_k1_HumanoidRootPart_Torso_Left_Arm.CFrame = cf(-0.005310, -0.000041, 0.000006, 0.999973, -0.006516, -0.003288, 0.006516, 0.999979, -0.000024, 0.003288, 0.000003, 0.999995)
Left_Arm_k1_HumanoidRootPart_Torso_Left_Arm.Parent = Torso_k1_HumanoidRootPart_Torso



--Right Leg
  Right_Leg_k1_HumanoidRootPart_Torso_Right_Leg = Instance.new("Pose")
Right_Leg_k1_HumanoidRootPart_Torso_Right_Leg.Name = "Right Leg"
Right_Leg_k1_HumanoidRootPart_Torso_Right_Leg.CFrame = cf(-0.000000, 0.000000, 0.000000, 1.000000, -0.000000, -0.000000, 0.000000, 1.000000, -0.000000, 0.000000, -0.000000, 1.000000)
Right_Leg_k1_HumanoidRootPart_Torso_Right_Leg.Parent = Torso_k1_HumanoidRootPart_Torso



--Left Leg
  Left_Leg_k1_HumanoidRootPart_Torso_Left_Leg = Instance.new("Pose")
Left_Leg_k1_HumanoidRootPart_Torso_Left_Leg.Name = "Left Leg"
Left_Leg_k1_HumanoidRootPart_Torso_Left_Leg.CFrame = cf(0.000000, -0.000000, -0.000000, 1.000000, 0.000000, 0.000000, -0.000000, 1.000000, 0.000000, -0.000000, 0.000000, 1.000000)
Left_Leg_k1_HumanoidRootPart_Torso_Left_Leg.Parent = Torso_k1_HumanoidRootPart_Torso



--Head
  Head_k1_HumanoidRootPart_Torso_Head = Instance.new("Pose")
Head_k1_HumanoidRootPart_Torso_Head.Name = "Head"
Head_k1_HumanoidRootPart_Torso_Head.CFrame = cf(0.000000, 0.000000, -0.000000, 0.999995, -0.003182, 0.000352, 0.003184, 0.976746, -0.214374, 0.000338, 0.214374, 0.976752)
Head_k1_HumanoidRootPart_Torso_Head.Parent = Torso_k1_HumanoidRootPart_Torso



--right handle
  right_handle_k1_HumanoidRootPart_right_handle = Instance.new("Pose")
right_handle_k1_HumanoidRootPart_right_handle.Name = "right handle"
right_handle_k1_HumanoidRootPart_right_handle.CFrame = cf(-0.187889, 0.699038, -0.265254, 1.000000, -0.000343, 0.000012, -0.000013, -0.001580, 0.999999, -0.000343, -0.999999, -0.001580)
right_handle_k1_HumanoidRootPart_right_handle.Parent = HumanoidRootPart_k1_HumanoidRootPart



--left handle
  left_handle_k1_HumanoidRootPart_left_handle = Instance.new("Pose")
left_handle_k1_HumanoidRootPart_left_handle.Name = "left handle"
left_handle_k1_HumanoidRootPart_left_handle.CFrame = cf(0.003964, 0.714975, -0.270746, 0.999873, 0.015926, 0.001095, -0.001042, -0.003352, 0.999994, 0.015930, -0.999868, -0.003335)
left_handle_k1_HumanoidRootPart_left_handle.Parent = HumanoidRootPart_k1_HumanoidRootPart



-- Keyframe 2 (Time: 0.01666666753590107)
 keyframe2 = Instance.new("Keyframe")
keyframe2.Time = 0.01666666753590107
keyframe2.Parent = KeyframeSequence

--HumanoidRootPart
  HumanoidRootPart_k2_HumanoidRootPart = Instance.new("Pose")
HumanoidRootPart_k2_HumanoidRootPart.Name = "HumanoidRootPart"
HumanoidRootPart_k2_HumanoidRootPart.CFrame = cf(0.000000, 0.000000, 0.000000, 1.000000, 0.000000, 0.000000, 0.000000, 1.000000, 0.000000, 0.000000, 0.000000, 1.000000)
HumanoidRootPart_k2_HumanoidRootPart.Parent = keyframe2



--Torso
  Torso_k2_HumanoidRootPart_Torso = Instance.new("Pose")
Torso_k2_HumanoidRootPart_Torso.Name = "Torso"
Torso_k2_HumanoidRootPart_Torso.CFrame = cf(0.101878, -0.004451, 0.205000, 0.999824, 0.000046, 0.018756, 0.000038, 0.999990, -0.004475, -0.018756, 0.004475, 0.999814)
Torso_k2_HumanoidRootPart_Torso.Parent = HumanoidRootPart_k2_HumanoidRootPart



--Right Arm
  Right_Arm_k2_HumanoidRootPart_Torso_Right_Arm = Instance.new("Pose")
Right_Arm_k2_HumanoidRootPart_Torso_Right_Arm.Name = "Right Arm"
Right_Arm_k2_HumanoidRootPart_Torso_Right_Arm.CFrame = cf(0.003921, -0.000043, 0.000002, 0.999980, -0.005783, 0.002459, 0.005792, 0.999976, -0.003700, -0.002438, 0.003714, 0.999990)
Right_Arm_k2_HumanoidRootPart_Torso_Right_Arm.Parent = Torso_k2_HumanoidRootPart_Torso



--Left Arm
  Left_Arm_k2_HumanoidRootPart_Torso_Left_Arm = Instance.new("Pose")
Left_Arm_k2_HumanoidRootPart_Torso_Left_Arm.Name = "Left Arm"
Left_Arm_k2_HumanoidRootPart_Torso_Left_Arm.CFrame = cf(-0.005310, -0.000041, 0.000006, 0.999973, -0.006516, -0.003288, 0.006516, 0.999979, -0.000024, 0.003288, 0.000003, 0.999995)
Left_Arm_k2_HumanoidRootPart_Torso_Left_Arm.Parent = Torso_k2_HumanoidRootPart_Torso



--Right Leg
  Right_Leg_k2_HumanoidRootPart_Torso_Right_Leg = Instance.new("Pose")
Right_Leg_k2_HumanoidRootPart_Torso_Right_Leg.Name = "Right Leg"
Right_Leg_k2_HumanoidRootPart_Torso_Right_Leg.CFrame = cf(-0.000000, 0.000000, 0.000000, 1.000000, -0.000000, -0.000000, 0.000000, 1.000000, -0.000000, 0.000000, 0.000000, 1.000000)
Right_Leg_k2_HumanoidRootPart_Torso_Right_Leg.Parent = Torso_k2_HumanoidRootPart_Torso



--Left Leg
  Left_Leg_k2_HumanoidRootPart_Torso_Left_Leg = Instance.new("Pose")
Left_Leg_k2_HumanoidRootPart_Torso_Left_Leg.Name = "Left Leg"
Left_Leg_k2_HumanoidRootPart_Torso_Left_Leg.CFrame = cf(0.000000, -0.000000, 0.000000, 1.000000, 0.000000, -0.000000, -0.000000, 1.000000, -0.000000, -0.000000, 0.000000, 1.000000)
Left_Leg_k2_HumanoidRootPart_Torso_Left_Leg.Parent = Torso_k2_HumanoidRootPart_Torso



--Head
  Head_k2_HumanoidRootPart_Torso_Head = Instance.new("Pose")
Head_k2_HumanoidRootPart_Torso_Head.Name = "Head"
Head_k2_HumanoidRootPart_Torso_Head.CFrame = cf(0.000000, 0.000000, 0.000000, 0.999992, -0.004020, 0.000446, 0.004022, 0.976746, -0.214360, 0.000426, 0.214360, 0.976755)
Head_k2_HumanoidRootPart_Torso_Head.Parent = Torso_k2_HumanoidRootPart_Torso



--right handle
  right_handle_k2_HumanoidRootPart_right_handle = Instance.new("Pose")
right_handle_k2_HumanoidRootPart_right_handle.Name = "right handle"
right_handle_k2_HumanoidRootPart_right_handle.CFrame = cf(-0.276133, 0.700401, 0.722779, 0.999994, 0.003567, 0.000014, -0.000008, -0.001579, 0.999999, 0.003567, -0.999992, -0.001579)
right_handle_k2_HumanoidRootPart_right_handle.Parent = HumanoidRootPart_k2_HumanoidRootPart



--left handle
  left_handle_k2_HumanoidRootPart_left_handle = Instance.new("Pose")
left_handle_k2_HumanoidRootPart_left_handle.Name = "left handle"
left_handle_k2_HumanoidRootPart_left_handle.CFrame = cf(-0.084117, 0.716327, 0.706308, 0.999803, 0.019835, 0.001104, -0.001037, -0.003351, 0.999994, 0.019839, -0.999798, -0.003330)
left_handle_k2_HumanoidRootPart_left_handle.Parent = HumanoidRootPart_k2_HumanoidRootPart



-- Keyframe 3 (Time: 0.03333333507180214)
 keyframe3 = Instance.new("Keyframe")
keyframe3.Time = 0.03333333507180214
keyframe3.Parent = KeyframeSequence

--HumanoidRootPart
  HumanoidRootPart_k3_HumanoidRootPart = Instance.new("Pose")
HumanoidRootPart_k3_HumanoidRootPart.Name = "HumanoidRootPart"
HumanoidRootPart_k3_HumanoidRootPart.CFrame = cf(0.000000, 0.000000, 0.000000, 1.000000, 0.000000, 0.000000, 0.000000, 1.000000, 0.000000, 0.000000, 0.000000, 1.000000)
HumanoidRootPart_k3_HumanoidRootPart.Parent = keyframe3



--Torso
  Torso_k3_HumanoidRootPart_Torso = Instance.new("Pose")
Torso_k3_HumanoidRootPart_Torso.Name = "Torso"
Torso_k3_HumanoidRootPart_Torso.CFrame = cf(0.195467, -0.004450, 0.511977, 0.999563, 0.000101, 0.029559, 0.000031, 0.999990, -0.004474, -0.029559, 0.004473, 0.999553)
Torso_k3_HumanoidRootPart_Torso.Parent = HumanoidRootPart_k3_HumanoidRootPart



--Right Arm
  Right_Arm_k3_HumanoidRootPart_Torso_Right_Arm = Instance.new("Pose")
Right_Arm_k3_HumanoidRootPart_Torso_Right_Arm.Name = "Right Arm"
Right_Arm_k3_HumanoidRootPart_Torso_Right_Arm.CFrame = cf(0.003921, -0.000042, 0.000002, 0.999980, -0.005783, 0.002459, 0.005792, 0.999976, -0.003700, -0.002438, 0.003714, 0.999990)
Right_Arm_k3_HumanoidRootPart_Torso_Right_Arm.Parent = Torso_k3_HumanoidRootPart_Torso



--Left Arm
  Left_Arm_k3_HumanoidRootPart_Torso_Left_Arm = Instance.new("Pose")
Left_Arm_k3_HumanoidRootPart_Torso_Left_Arm.Name = "Left Arm"
Left_Arm_k3_HumanoidRootPart_Torso_Left_Arm.CFrame = cf(-0.005310, -0.000042, 0.000007, 0.999973, -0.006516, -0.003288, 0.006516, 0.999979, -0.000024, 0.003288, 0.000003, 0.999995)
Left_Arm_k3_HumanoidRootPart_Torso_Left_Arm.Parent = Torso_k3_HumanoidRootPart_Torso



--Right Leg
  Right_Leg_k3_HumanoidRootPart_Torso_Right_Leg = Instance.new("Pose")
Right_Leg_k3_HumanoidRootPart_Torso_Right_Leg.Name = "Right Leg"
Right_Leg_k3_HumanoidRootPart_Torso_Right_Leg.CFrame = cf(-0.000000, 0.000000, 0.000000, 1.000000, -0.000000, 0.000000, 0.000000, 1.000000, 0.000000, 0.000000, -0.000000, 1.000000)
Right_Leg_k3_HumanoidRootPart_Torso_Right_Leg.Parent = Torso_k3_HumanoidRootPart_Torso



--Left Leg
  Left_Leg_k3_HumanoidRootPart_Torso_Left_Leg = Instance.new("Pose")
Left_Leg_k3_HumanoidRootPart_Torso_Left_Leg.Name = "Left Leg"
Left_Leg_k3_HumanoidRootPart_Torso_Left_Leg.CFrame = cf(0.000000, 0.000000, -0.000000, 1.000000, 0.000000, -0.000000, -0.000000, 1.000000, -0.000000, -0.000000, 0.000000, 1.000000)
Left_Leg_k3_HumanoidRootPart_Torso_Left_Leg.Parent = Torso_k3_HumanoidRootPart_Torso



--Head
  Head_k3_HumanoidRootPart_Torso_Head = Instance.new("Pose")
Head_k3_HumanoidRootPart_Torso_Head.Name = "Head"
Head_k3_HumanoidRootPart_Torso_Head.CFrame = cf(0.000000, -0.000000, 0.000000, 0.999980, -0.006335, 0.000709, 0.006340, 0.976746, -0.214304, 0.000665, 0.214304, 0.976767)
Head_k3_HumanoidRootPart_Torso_Head.Parent = Torso_k3_HumanoidRootPart_Torso



--right handle
  right_handle_k3_HumanoidRootPart_right_handle = Instance.new("Pose")
right_handle_k3_HumanoidRootPart_right_handle.Name = "right handle"
right_handle_k3_HumanoidRootPart_right_handle.CFrame = cf(-0.360501, 0.700392, 1.044364, 0.999897, 0.014373, 0.000038, -0.000015, -0.001578, 0.999999, 0.014373, -0.999895, -0.001578)
right_handle_k3_HumanoidRootPart_right_handle.Parent = HumanoidRootPart_k3_HumanoidRootPart



--left handle
  left_handle_k3_HumanoidRootPart_left_handle = Instance.new("Pose")
left_handle_k3_HumanoidRootPart_left_handle.Name = "left handle"
left_handle_k3_HumanoidRootPart_left_handle.CFrame = cf(-0.167812, 0.716336, 0.997551, 0.999530, 0.030638, 0.001146, -0.001044, -0.003350, 0.999994, 0.030642, -0.999525, -0.003317)
left_handle_k3_HumanoidRootPart_left_handle.Parent = HumanoidRootPart_k3_HumanoidRootPart



-- Keyframe 4 (Time: 0.05000000074505806)
 keyframe4 = Instance.new("Keyframe")
keyframe4.Time = 0.05000000074505806
keyframe4.Parent = KeyframeSequence

--HumanoidRootPart
  HumanoidRootPart_k4_HumanoidRootPart = Instance.new("Pose")
HumanoidRootPart_k4_HumanoidRootPart.Name = "HumanoidRootPart"
HumanoidRootPart_k4_HumanoidRootPart.CFrame = cf(0.000000, 0.000000, 0.000000, 1.000000, 0.000000, 0.000000, 0.000000, 1.000000, 0.000000, 0.000000, 0.000000, 1.000000)
HumanoidRootPart_k4_HumanoidRootPart.Parent = keyframe4



--Torso
  Torso_k4_HumanoidRootPart_Torso = Instance.new("Pose")
Torso_k4_HumanoidRootPart_Torso.Name = "Torso"
Torso_k4_HumanoidRootPart_Torso.CFrame = cf(0.304247, -0.004445, 0.818362, 0.998948, 0.000221, 0.045858, -0.000016, 0.999990, -0.004471, -0.045858, 0.004466, 0.998938)
Torso_k4_HumanoidRootPart_Torso.Parent = HumanoidRootPart_k4_HumanoidRootPart



--Right Arm
  Right_Arm_k4_HumanoidRootPart_Torso_Right_Arm = Instance.new("Pose")
Right_Arm_k4_HumanoidRootPart_Torso_Right_Arm.Name = "Right Arm"
Right_Arm_k4_HumanoidRootPart_Torso_Right_Arm.CFrame = cf(0.003921, -0.000043, 0.000002, 0.999980, -0.005783, 0.002459, 0.005792, 0.999976, -0.003700, -0.002438, 0.003714, 0.999990)
Right_Arm_k4_HumanoidRootPart_Torso_Right_Arm.Parent = Torso_k4_HumanoidRootPart_Torso



--Left Arm
  Left_Arm_k4_HumanoidRootPart_Torso_Left_Arm = Instance.new("Pose")
Left_Arm_k4_HumanoidRootPart_Torso_Left_Arm.Name = "Left Arm"
Left_Arm_k4_HumanoidRootPart_Torso_Left_Arm.CFrame = cf(-0.005310, -0.000041, 0.000006, 0.999973, -0.006516, -0.003288, 0.006516, 0.999979, -0.000024, 0.003288, 0.000003, 0.999995)
Left_Arm_k4_HumanoidRootPart_Torso_Left_Arm.Parent = Torso_k4_HumanoidRootPart_Torso



--Right Leg
  Right_Leg_k4_HumanoidRootPart_Torso_Right_Leg = Instance.new("Pose")
Right_Leg_k4_HumanoidRootPart_Torso_Right_Leg.Name = "Right Leg"
Right_Leg_k4_HumanoidRootPart_Torso_Right_Leg.CFrame = cf(-0.000000, 0.000000, 0.000000, 1.000000, -0.000000, -0.000000, 0.000000, 1.000000, -0.000000, 0.000000, -0.000000, 1.000000)
Right_Leg_k4_HumanoidRootPart_Torso_Right_Leg.Parent = Torso_k4_HumanoidRootPart_Torso



--Left Leg
  Left_Leg_k4_HumanoidRootPart_Torso_Left_Leg = Instance.new("Pose")
Left_Leg_k4_HumanoidRootPart_Torso_Left_Leg.Name = "Left Leg"
Left_Leg_k4_HumanoidRootPart_Torso_Left_Leg.CFrame = cf(0.000000, -0.000000, -0.000000, 1.000000, 0.000000, 0.000000, -0.000000, 1.000000, 0.000000, -0.000000, 0.000000, 1.000000)
Left_Leg_k4_HumanoidRootPart_Torso_Left_Leg.Parent = Torso_k4_HumanoidRootPart_Torso



--Head
  Head_k4_HumanoidRootPart_Torso_Head = Instance.new("Pose")
Head_k4_HumanoidRootPart_Torso_Head.Name = "Head"
Head_k4_HumanoidRootPart_Torso_Head.CFrame = cf(0.000000, -0.000000, -0.000000, 0.999928, -0.011882, 0.001624, 0.011897, 0.965806, -0.258991, 0.001509, 0.258992, 0.965878)
Head_k4_HumanoidRootPart_Torso_Head.Parent = Torso_k4_HumanoidRootPart_Torso



--right handle
  right_handle_k4_HumanoidRootPart_right_handle = Instance.new("Pose")
right_handle_k4_HumanoidRootPart_right_handle.Name = "right handle"
right_handle_k4_HumanoidRootPart_right_handle.CFrame = cf(-0.455636, 0.700327, 1.372988, 0.999529, 0.030679, 0.000110, -0.000062, -0.001575, 0.999999, 0.030679, -0.999528, -0.001572)
right_handle_k4_HumanoidRootPart_right_handle.Parent = HumanoidRootPart_k4_HumanoidRootPart



--left handle
  left_handle_k4_HumanoidRootPart_left_handle = Instance.new("Pose")
left_handle_k4_HumanoidRootPart_left_handle.Name = "left handle"
left_handle_k4_HumanoidRootPart_left_handle.CFrame = cf(-0.261311, 0.716403, 1.280398, 0.998897, 0.046936, 0.001247, -0.001091, -0.003348, 0.999994, 0.046940, -0.998892, -0.003293)
left_handle_k4_HumanoidRootPart_left_handle.Parent = HumanoidRootPart_k4_HumanoidRootPart



-- Keyframe 5 (Time: 0.06666667014360428)
 keyframe5 = Instance.new("Keyframe")
keyframe5.Time = 0.06666667014360428
keyframe5.Parent = KeyframeSequence

--HumanoidRootPart
  HumanoidRootPart_k5_HumanoidRootPart = Instance.new("Pose")
HumanoidRootPart_k5_HumanoidRootPart.Name = "HumanoidRootPart"
HumanoidRootPart_k5_HumanoidRootPart.CFrame = cf(0.000000, 0.000000, 0.000000, 1.000000, 0.000000, 0.000000, 0.000000, 1.000000, 0.000000, 0.000000, 0.000000, 1.000000)
HumanoidRootPart_k5_HumanoidRootPart.Parent = keyframe5



--Torso
  Torso_k5_HumanoidRootPart_Torso = Instance.new("Pose")
Torso_k5_HumanoidRootPart_Torso.Name = "Torso"
Torso_k5_HumanoidRootPart_Torso.CFrame = cf(0.420579, -0.004435, 0.927930, 0.997804, 0.000429, 0.066235, -0.000133, 0.999990, -0.004466, -0.066236, 0.004447, 0.997794)
Torso_k5_HumanoidRootPart_Torso.Parent = HumanoidRootPart_k5_HumanoidRootPart



--Right Arm
  Right_Arm_k5_HumanoidRootPart_Torso_Right_Arm = Instance.new("Pose")
Right_Arm_k5_HumanoidRootPart_Torso_Right_Arm.Name = "Right Arm"
Right_Arm_k5_HumanoidRootPart_Torso_Right_Arm.CFrame = cf(0.003921, -0.000042, 0.000002, 0.999980, -0.005783, 0.002459, 0.005793, 0.999976, -0.003700, -0.002438, 0.003714, 0.999990)
Right_Arm_k5_HumanoidRootPart_Torso_Right_Arm.Parent = Torso_k5_HumanoidRootPart_Torso



--Left Arm
  Left_Arm_k5_HumanoidRootPart_Torso_Left_Arm = Instance.new("Pose")
Left_Arm_k5_HumanoidRootPart_Torso_Left_Arm.Name = "Left Arm"
Left_Arm_k5_HumanoidRootPart_Torso_Left_Arm.CFrame = cf(-0.005310, -0.000040, 0.000006, 0.999973, -0.006516, -0.003288, 0.006516, 0.999979, -0.000024, 0.003288, 0.000003, 0.999995)
Left_Arm_k5_HumanoidRootPart_Torso_Left_Arm.Parent = Torso_k5_HumanoidRootPart_Torso



--Right Leg
  Right_Leg_k5_HumanoidRootPart_Torso_Right_Leg = Instance.new("Pose")
Right_Leg_k5_HumanoidRootPart_Torso_Right_Leg.Name = "Right Leg"
Right_Leg_k5_HumanoidRootPart_Torso_Right_Leg.CFrame = cf(-0.000000, -0.000000, 0.000000, 1.000000, -0.000000, -0.000000, 0.000000, 1.000000, -0.000000, 0.000000, 0.000000, 1.000000)
Right_Leg_k5_HumanoidRootPart_Torso_Right_Leg.Parent = Torso_k5_HumanoidRootPart_Torso



--Left Leg
  Left_Leg_k5_HumanoidRootPart_Torso_Left_Leg = Instance.new("Pose")
Left_Leg_k5_HumanoidRootPart_Torso_Left_Leg.Name = "Left Leg"
Left_Leg_k5_HumanoidRootPart_Torso_Left_Leg.CFrame = cf(0.000000, 0.000000, -0.000000, 1.000000, 0.000000, 0.000000, -0.000000, 1.000000, -0.000000, -0.000000, 0.000000, 1.000000)
Left_Leg_k5_HumanoidRootPart_Torso_Left_Leg.Parent = Torso_k5_HumanoidRootPart_Torso



--Head
  Head_k5_HumanoidRootPart_Torso_Head = Instance.new("Pose")
Head_k5_HumanoidRootPart_Torso_Head.Name = "Head"
Head_k5_HumanoidRootPart_Torso_Head.CFrame = cf(0.000000, -0.000000, -0.000000, 0.999850, -0.017158, 0.002371, 0.017187, 0.965807, -0.258694, 0.002149, 0.258696, 0.965957)
Head_k5_HumanoidRootPart_Torso_Head.Parent = Torso_k5_HumanoidRootPart_Torso



--right handle
  right_handle_k5_HumanoidRootPart_right_handle = Instance.new("Pose")
right_handle_k5_HumanoidRootPart_right_handle.Name = "right handle"
right_handle_k5_HumanoidRootPart_right_handle.CFrame = cf(-0.555366, 0.700166, 1.510699, 0.998695, 0.051072, 0.000259, -0.000179, -0.001568, 0.999999, 0.051073, -0.998694, -0.001556)
right_handle_k5_HumanoidRootPart_right_handle.Parent = HumanoidRootPart_k5_HumanoidRootPart



--left handle
  left_handle_k5_HumanoidRootPart_left_handle = Instance.new("Pose")
left_handle_k5_HumanoidRootPart_left_handle.Name = "left handle"
left_handle_k5_HumanoidRootPart_left_handle.CFrame = cf(-0.357942, 0.716571, 1.360873, 0.997731, 0.067313, 0.001431, -0.001208, -0.003343, 0.999994, 0.067317, -0.997726, -0.003254)
left_handle_k5_HumanoidRootPart_left_handle.Parent = HumanoidRootPart_k5_HumanoidRootPart



-- Keyframe 6 (Time: 0.0833333358168602)
 keyframe6 = Instance.new("Keyframe")
keyframe6.Time = 0.0833333358168602
keyframe6.Parent = KeyframeSequence

--HumanoidRootPart
  HumanoidRootPart_k6_HumanoidRootPart = Instance.new("Pose")
HumanoidRootPart_k6_HumanoidRootPart.Name = "HumanoidRootPart"
HumanoidRootPart_k6_HumanoidRootPart.CFrame = cf(0.000000, 0.000000, 0.000000, 1.000000, 0.000000, 0.000000, 0.000000, 1.000000, 0.000000, 0.000000, 0.000000, 1.000000)
HumanoidRootPart_k6_HumanoidRootPart.Parent = keyframe6



--Torso
  Torso_k6_HumanoidRootPart_Torso = Instance.new("Pose")
Torso_k6_HumanoidRootPart_Torso.Name = "Torso"
Torso_k6_HumanoidRootPart_Torso.CFrame = cf(0.546166, -0.004418, 1.036171, 0.996008, 0.000748, 0.089259, -0.000351, 0.999990, -0.004458, -0.089261, 0.004409, 0.995999)
Torso_k6_HumanoidRootPart_Torso.Parent = HumanoidRootPart_k6_HumanoidRootPart



--Right Arm
  Right_Arm_k6_HumanoidRootPart_Torso_Right_Arm = Instance.new("Pose")
Right_Arm_k6_HumanoidRootPart_Torso_Right_Arm.Name = "Right Arm"
Right_Arm_k6_HumanoidRootPart_Torso_Right_Arm.CFrame = cf(0.003921, -0.000043, 0.000002, 0.999980, -0.005783, 0.002459, 0.005792, 0.999976, -0.003699, -0.002438, 0.003713, 0.999990)
Right_Arm_k6_HumanoidRootPart_Torso_Right_Arm.Parent = Torso_k6_HumanoidRootPart_Torso



--Left Arm
  Left_Arm_k6_HumanoidRootPart_Torso_Left_Arm = Instance.new("Pose")
Left_Arm_k6_HumanoidRootPart_Torso_Left_Arm.Name = "Left Arm"
Left_Arm_k6_HumanoidRootPart_Torso_Left_Arm.CFrame = cf(-0.005310, -0.000042, 0.000006, 0.999973, -0.006516, -0.003288, 0.006516, 0.999979, -0.000024, 0.003288, 0.000003, 0.999995)
Left_Arm_k6_HumanoidRootPart_Torso_Left_Arm.Parent = Torso_k6_HumanoidRootPart_Torso



--Right Leg
  Right_Leg_k6_HumanoidRootPart_Torso_Right_Leg = Instance.new("Pose")
Right_Leg_k6_HumanoidRootPart_Torso_Right_Leg.Name = "Right Leg"
Right_Leg_k6_HumanoidRootPart_Torso_Right_Leg.CFrame = cf(-0.000000, -0.000001, 0.000000, 1.000000, -0.000000, -0.000000, 0.000000, 1.000000, 0.000000, 0.000000, -0.000000, 1.000000)
Right_Leg_k6_HumanoidRootPart_Torso_Right_Leg.Parent = Torso_k6_HumanoidRootPart_Torso



--Left Leg
  Left_Leg_k6_HumanoidRootPart_Torso_Left_Leg = Instance.new("Pose")
Left_Leg_k6_HumanoidRootPart_Torso_Left_Leg.Name = "Left Leg"
Left_Leg_k6_HumanoidRootPart_Torso_Left_Leg.CFrame = cf(0.000000, -0.000001, -0.000000, 1.000000, 0.000000, 0.000000, -0.000000, 1.000000, -0.000000, -0.000000, 0.000000, 1.000000)
Left_Leg_k6_HumanoidRootPart_Torso_Left_Leg.Parent = Torso_k6_HumanoidRootPart_Torso



--Head
  Head_k6_HumanoidRootPart_Torso_Head = Instance.new("Pose")
Head_k6_HumanoidRootPart_Torso_Head.Name = "Head"
Head_k6_HumanoidRootPart_Torso_Head.CFrame = cf(0.000000, 0.000000, -0.000000, 0.999728, -0.023116, 0.003234, 0.023167, 0.965807, -0.258227, 0.002846, 0.258231, 0.966079)
Head_k6_HumanoidRootPart_Torso_Head.Parent = Torso_k6_HumanoidRootPart_Torso



--right handle
  right_handle_k6_HumanoidRootPart_right_handle = Instance.new("Pose")
right_handle_k6_HumanoidRootPart_right_handle.Name = "right handle"
right_handle_k6_HumanoidRootPart_right_handle.CFrame = cf(-0.662804, 0.699866, 1.651193, 0.997249, 0.074121, 0.000511, -0.000397, -0.001557, 0.999999, 0.074122, -0.997248, -0.001523)
right_handle_k6_HumanoidRootPart_right_handle.Parent = HumanoidRootPart_k6_HumanoidRootPart



--left handle
  left_handle_k6_HumanoidRootPart_left_handle = Instance.new("Pose")
left_handle_k6_HumanoidRootPart_left_handle.Name = "left handle"
left_handle_k6_HumanoidRootPart_left_handle.CFrame = cf(-0.460465, 0.716883, 1.436692, 0.995910, 0.090335, 0.001722, -0.001426, -0.003335, 0.999993, 0.090340, -0.995906, -0.003192)
left_handle_k6_HumanoidRootPart_left_handle.Parent = HumanoidRootPart_k6_HumanoidRootPart



-- Keyframe 7 (Time: 0.10000000149011612)
 keyframe7 = Instance.new("Keyframe")
keyframe7.Time = 0.10000000149011612
keyframe7.Parent = KeyframeSequence

--HumanoidRootPart
  HumanoidRootPart_k7_HumanoidRootPart = Instance.new("Pose")
HumanoidRootPart_k7_HumanoidRootPart.Name = "HumanoidRootPart"
HumanoidRootPart_k7_HumanoidRootPart.CFrame = cf(0.000000, 0.000000, 0.000000, 1.000000, 0.000000, 0.000000, 0.000000, 1.000000, 0.000000, 0.000000, 0.000000, 1.000000)
HumanoidRootPart_k7_HumanoidRootPart.Parent = keyframe7



--Torso
  Torso_k7_HumanoidRootPart_Torso = Instance.new("Pose")
Torso_k7_HumanoidRootPart_Torso.Name = "Torso"
Torso_k7_HumanoidRootPart_Torso.CFrame = cf(0.679184, -0.004391, 1.142823, 0.993538, 0.001200, 0.113494, -0.000700, 0.999990, -0.004447, -0.113498, 0.004339, 0.993529)
Torso_k7_HumanoidRootPart_Torso.Parent = HumanoidRootPart_k7_HumanoidRootPart



--Right Arm
  Right_Arm_k7_HumanoidRootPart_Torso_Right_Arm = Instance.new("Pose")
Right_Arm_k7_HumanoidRootPart_Torso_Right_Arm.Name = "Right Arm"
Right_Arm_k7_HumanoidRootPart_Torso_Right_Arm.CFrame = cf(0.003921, -0.000042, 0.000002, 0.999980, -0.005783, 0.002459, 0.005792, 0.999976, -0.003699, -0.002438, 0.003713, 0.999990)
Right_Arm_k7_HumanoidRootPart_Torso_Right_Arm.Parent = Torso_k7_HumanoidRootPart_Torso



--Left Arm
  Left_Arm_k7_HumanoidRootPart_Torso_Left_Arm = Instance.new("Pose")
Left_Arm_k7_HumanoidRootPart_Torso_Left_Arm.Name = "Left Arm"
Left_Arm_k7_HumanoidRootPart_Torso_Left_Arm.CFrame = cf(-0.005310, -0.000040, 0.000007, 0.999973, -0.006516, -0.003288, 0.006516, 0.999979, -0.000024, 0.003288, 0.000003, 0.999995)
Left_Arm_k7_HumanoidRootPart_Torso_Left_Arm.Parent = Torso_k7_HumanoidRootPart_Torso



--Right Leg
  Right_Leg_k7_HumanoidRootPart_Torso_Right_Leg = Instance.new("Pose")
Right_Leg_k7_HumanoidRootPart_Torso_Right_Leg.Name = "Right Leg"
Right_Leg_k7_HumanoidRootPart_Torso_Right_Leg.CFrame = cf(-0.000000, 0.000001, 0.000000, 1.000000, -0.000000, -0.000000, 0.000000, 1.000000, -0.000000, 0.000000, 0.000000, 1.000000)
Right_Leg_k7_HumanoidRootPart_Torso_Right_Leg.Parent = Torso_k7_HumanoidRootPart_Torso



--Left Leg
  Left_Leg_k7_HumanoidRootPart_Torso_Left_Leg = Instance.new("Pose")
Left_Leg_k7_HumanoidRootPart_Torso_Left_Leg.Name = "Left Leg"
Left_Leg_k7_HumanoidRootPart_Torso_Left_Leg.CFrame = cf(0.000000, 0.000001, -0.000000, 1.000000, 0.000000, -0.000000, -0.000000, 1.000000, 0.000000, -0.000000, -0.000000, 1.000000)
Left_Leg_k7_HumanoidRootPart_Torso_Left_Leg.Parent = Torso_k7_HumanoidRootPart_Torso



--Head
  Head_k7_HumanoidRootPart_Torso_Head = Instance.new("Pose")
Head_k7_HumanoidRootPart_Torso_Head.Name = "Head"
Head_k7_HumanoidRootPart_Torso_Head.CFrame = cf(-0.000000, 0.000000, 0.000001, 0.999560, -0.029384, 0.004167, 0.029466, 0.965807, -0.257584, 0.003545, 0.257593, 0.966247)
Head_k7_HumanoidRootPart_Torso_Head.Parent = Torso_k7_HumanoidRootPart_Torso



--right handle
  right_handle_k7_HumanoidRootPart_right_handle = Instance.new("Pose")
right_handle_k7_HumanoidRootPart_right_handle.Name = "right handle"
right_handle_k7_HumanoidRootPart_right_handle.CFrame = cf(-0.777407, 0.699386, 1.792328, 0.995147, 0.098393, 0.000893, -0.000745, -0.001540, 0.999999, 0.098394, -0.995146, -0.001460)
right_handle_k7_HumanoidRootPart_right_handle.Parent = HumanoidRootPart_k7_HumanoidRootPart



--left handle
  left_handle_k7_HumanoidRootPart_left_handle = Instance.new("Pose")
left_handle_k7_HumanoidRootPart_left_handle.Name = "left handle"
left_handle_k7_HumanoidRootPart_left_handle.CFrame = cf(-0.568267, 0.717380, 1.509749, 0.993413, 0.114568, 0.002144, -0.001774, -0.003324, 0.999993, 0.114575, -0.993410, -0.003099)
left_handle_k7_HumanoidRootPart_left_handle.Parent = HumanoidRootPart_k7_HumanoidRootPart



-- Keyframe 8 (Time: 0.11666666716337204)
 keyframe8 = Instance.new("Keyframe")
keyframe8.Time = 0.11666666716337204
keyframe8.Parent = KeyframeSequence

--HumanoidRootPart
  HumanoidRootPart_k8_HumanoidRootPart = Instance.new("Pose")
HumanoidRootPart_k8_HumanoidRootPart.Name = "HumanoidRootPart"
HumanoidRootPart_k8_HumanoidRootPart.CFrame = cf(0.000000, 0.000000, 0.000000, 1.000000, 0.000000, 0.000000, 0.000000, 1.000000, 0.000000, 0.000000, 0.000000, 1.000000)
HumanoidRootPart_k8_HumanoidRootPart.Parent = keyframe8



--Torso
  Torso_k8_HumanoidRootPart_Torso = Instance.new("Pose")
Torso_k8_HumanoidRootPart_Torso.Name = "Torso"
Torso_k8_HumanoidRootPart_Torso.CFrame = cf(0.817216, -0.004354, 1.247861, 0.990496, 0.001807, 0.137529, -0.001209, 0.999989, -0.004433, -0.137535, 0.004225, 0.990488)
Torso_k8_HumanoidRootPart_Torso.Parent = HumanoidRootPart_k8_HumanoidRootPart



--Right Arm
  Right_Arm_k8_HumanoidRootPart_Torso_Right_Arm = Instance.new("Pose")
Right_Arm_k8_HumanoidRootPart_Torso_Right_Arm.Name = "Right Arm"
Right_Arm_k8_HumanoidRootPart_Torso_Right_Arm.CFrame = cf(-0.065523, 1.041631, -0.002317, -0.004555, -0.999550, -0.029650, 0.999342, -0.005616, 0.035828, -0.035979, -0.029468, 0.998918)
Right_Arm_k8_HumanoidRootPart_Torso_Right_Arm.Parent = Torso_k8_HumanoidRootPart_Torso



--Left Arm
  Left_Arm_k8_HumanoidRootPart_Torso_Left_Arm = Instance.new("Pose")
Left_Arm_k8_HumanoidRootPart_Torso_Left_Arm.Name = "Left Arm"
Left_Arm_k8_HumanoidRootPart_Torso_Left_Arm.CFrame = cf(-0.074915, 0.899440, 0.002331, -0.997407, -0.016831, 0.069975, 0.016814, -0.999858, -0.000831, 0.069979, 0.000347, 0.997548)
Left_Arm_k8_HumanoidRootPart_Torso_Left_Arm.Parent = Torso_k8_HumanoidRootPart_Torso



--Right Leg
  Right_Leg_k8_HumanoidRootPart_Torso_Right_Leg = Instance.new("Pose")
Right_Leg_k8_HumanoidRootPart_Torso_Right_Leg.Name = "Right Leg"
Right_Leg_k8_HumanoidRootPart_Torso_Right_Leg.CFrame = cf(-0.000746, -0.007047, -0.000038, 0.999925, 0.012251, -0.000047, -0.012251, 0.999897, -0.007522, -0.000045, 0.007522, 0.999972)
Right_Leg_k8_HumanoidRootPart_Torso_Right_Leg.Parent = Torso_k8_HumanoidRootPart_Torso



--Left Leg
  Left_Leg_k8_HumanoidRootPart_Torso_Left_Leg = Instance.new("Pose")
Left_Leg_k8_HumanoidRootPart_Torso_Left_Leg.Name = "Left Leg"
Left_Leg_k8_HumanoidRootPart_Torso_Left_Leg.CFrame = cf(-0.000698, 0.007004, -0.000030, 0.999915, -0.013028, -0.000048, 0.013028, 0.999887, 0.007533, -0.000050, -0.007533, 0.999972)
Left_Leg_k8_HumanoidRootPart_Torso_Left_Leg.Parent = Torso_k8_HumanoidRootPart_Torso



--Head
  Head_k8_HumanoidRootPart_Torso_Head = Instance.new("Pose")
Head_k8_HumanoidRootPart_Torso_Head.Name = "Head"
Head_k8_HumanoidRootPart_Torso_Head.CFrame = cf(0.000000, -0.000000, -0.000000, 1.000000, 0.000000, 0.000000, -0.000000, 1.000000, -0.000000, -0.000000, 0.000000, 1.000000)
Head_k8_HumanoidRootPart_Torso_Head.Parent = Torso_k8_HumanoidRootPart_Torso



--right handle
  right_handle_k8_HumanoidRootPart_right_handle = Instance.new("Pose")
right_handle_k8_HumanoidRootPart_right_handle.Name = "right handle"
right_handle_k8_HumanoidRootPart_right_handle.CFrame = cf(-1.309936, 1.302639, 5.048405, 0.985156, 0.019409, -0.170563, -0.019225, 0.999811, 0.002730, 0.170583, 0.000590, 0.985343)
right_handle_k8_HumanoidRootPart_right_handle.Parent = HumanoidRootPart_k8_HumanoidRootPart



--left handle
  left_handle_k8_HumanoidRootPart_left_handle = Instance.new("Pose")
left_handle_k8_HumanoidRootPart_left_handle.Name = "left handle"
left_handle_k8_HumanoidRootPart_left_handle.CFrame = cf(-1.135852, -0.685099, 5.195017, 0.988377, -0.135619, 0.068687, 0.066589, -0.019950, -0.997581, 0.136661, 0.990560, -0.010688)
left_handle_k8_HumanoidRootPart_left_handle.Parent = HumanoidRootPart_k8_HumanoidRootPart



-- Keyframe 9 (Time: 0.13333334028720856)
 keyframe9 = Instance.new("Keyframe")
keyframe9.Time = 0.13333334028720856
keyframe9.Parent = KeyframeSequence

--HumanoidRootPart
  HumanoidRootPart_k9_HumanoidRootPart = Instance.new("Pose")
HumanoidRootPart_k9_HumanoidRootPart.Name = "HumanoidRootPart"
HumanoidRootPart_k9_HumanoidRootPart.CFrame = cf(0.000000, 0.000000, 0.000000, 1.000000, 0.000000, 0.000000, 0.000000, 1.000000, 0.000000, 0.000000, 0.000000, 1.000000)
HumanoidRootPart_k9_HumanoidRootPart.Parent = keyframe9



--Torso
  Torso_k9_HumanoidRootPart_Torso = Instance.new("Pose")
Torso_k9_HumanoidRootPart_Torso.Name = "Torso"
Torso_k9_HumanoidRootPart_Torso.CFrame = cf(0.957306, -0.004307, 1.351565, 0.987114, 0.002591, 0.159995, -0.001909, 0.999988, -0.004418, -0.160005, 0.004056, 0.987108)
Torso_k9_HumanoidRootPart_Torso.Parent = HumanoidRootPart_k9_HumanoidRootPart



--Right Arm
  Right_Arm_k9_HumanoidRootPart_Torso_Right_Arm = Instance.new("Pose")
Right_Arm_k9_HumanoidRootPart_Torso_Right_Arm.Name = "Right Arm"
Right_Arm_k9_HumanoidRootPart_Torso_Right_Arm.CFrame = cf(-0.065523, 1.041628, -0.002317, -0.004554, -0.999550, -0.029649, 0.999342, -0.005616, 0.035828, -0.035978, -0.029467, 0.998918)
Right_Arm_k9_HumanoidRootPart_Torso_Right_Arm.Parent = Torso_k9_HumanoidRootPart_Torso



--Left Arm
  Left_Arm_k9_HumanoidRootPart_Torso_Left_Arm = Instance.new("Pose")
Left_Arm_k9_HumanoidRootPart_Torso_Left_Arm.Name = "Left Arm"
Left_Arm_k9_HumanoidRootPart_Torso_Left_Arm.CFrame = cf(-0.074915, 0.899439, 0.002331, -0.997407, -0.016831, 0.069975, 0.016814, -0.999858, -0.000832, 0.069979, 0.000347, 0.997548)
Left_Arm_k9_HumanoidRootPart_Torso_Left_Arm.Parent = Torso_k9_HumanoidRootPart_Torso



--Right Leg
  Right_Leg_k9_HumanoidRootPart_Torso_Right_Leg = Instance.new("Pose")
Right_Leg_k9_HumanoidRootPart_Torso_Right_Leg.Name = "Right Leg"
Right_Leg_k9_HumanoidRootPart_Torso_Right_Leg.CFrame = cf(-0.000746, -0.007048, -0.000038, 0.999925, 0.012251, -0.000047, -0.012251, 0.999897, -0.007522, -0.000045, 0.007522, 0.999972)
Right_Leg_k9_HumanoidRootPart_Torso_Right_Leg.Parent = Torso_k9_HumanoidRootPart_Torso



--Left Leg
  Left_Leg_k9_HumanoidRootPart_Torso_Left_Leg = Instance.new("Pose")
Left_Leg_k9_HumanoidRootPart_Torso_Left_Leg.Name = "Left Leg"
Left_Leg_k9_HumanoidRootPart_Torso_Left_Leg.CFrame = cf(-0.000698, 0.007003, -0.000030, 0.999915, -0.013028, -0.000048, 0.013028, 0.999887, 0.007533, -0.000050, -0.007533, 0.999972)
Left_Leg_k9_HumanoidRootPart_Torso_Left_Leg.Parent = Torso_k9_HumanoidRootPart_Torso



--Head
  Head_k9_HumanoidRootPart_Torso_Head = Instance.new("Pose")
Head_k9_HumanoidRootPart_Torso_Head.Name = "Head"
Head_k9_HumanoidRootPart_Torso_Head.CFrame = cf(0.000000, 0.000000, -0.000001, 1.000000, 0.000000, 0.000000, 0.000000, 1.000000, -0.000000, -0.000000, 0.000000, 1.000000)
Head_k9_HumanoidRootPart_Torso_Head.Parent = Torso_k9_HumanoidRootPart_Torso



--right handle
  right_handle_k9_HumanoidRootPart_right_handle = Instance.new("Pose")
right_handle_k9_HumanoidRootPart_right_handle.Name = "right handle"
right_handle_k9_HumanoidRootPart_right_handle.CFrame = cf(-1.504430, 1.301613, 5.175020, 0.981012, 0.020079, -0.192904, -0.019925, 0.999798, 0.002739, 0.192920, 0.001157, 0.981214)
right_handle_k9_HumanoidRootPart_right_handle.Parent = HumanoidRootPart_k9_HumanoidRootPart



--left handle
  left_handle_k9_HumanoidRootPart_left_handle = Instance.new("Pose")
left_handle_k9_HumanoidRootPart_left_handle.Name = "left handle"
left_handle_k9_HumanoidRootPart_left_handle.CFrame = cf(-1.333630, -0.684186, 5.257141, 0.985063, -0.158104, 0.068225, 0.065890, -0.019967, -0.997627, 0.159091, 0.987221, -0.009251)
left_handle_k9_HumanoidRootPart_left_handle.Parent = HumanoidRootPart_k9_HumanoidRootPart



-- Keyframe 10 (Time: 0.15000000596046448)
 keyframe10 = Instance.new("Keyframe")
keyframe10.Time = 0.15000000596046448
keyframe10.Parent = KeyframeSequence

--HumanoidRootPart
  HumanoidRootPart_k10_HumanoidRootPart = Instance.new("Pose")
HumanoidRootPart_k10_HumanoidRootPart.Name = "HumanoidRootPart"
HumanoidRootPart_k10_HumanoidRootPart.CFrame = cf(0.000000, 0.000000, 0.000000, 1.000000, 0.000000, 0.000000, 0.000000, 1.000000, 0.000000, 0.000000, 0.000000, 1.000000)
HumanoidRootPart_k10_HumanoidRootPart.Parent = keyframe10



--Torso
  Torso_k10_HumanoidRootPart_Torso = Instance.new("Pose")
Torso_k10_HumanoidRootPart_Torso.Name = "Torso"
Torso_k10_HumanoidRootPart_Torso.CFrame = cf(1.096028, -0.004251, 1.454559, 0.983735, 0.003574, 0.179589, -0.002829, 0.999986, -0.004403, -0.179603, 0.003823, 0.983732)
Torso_k10_HumanoidRootPart_Torso.Parent = HumanoidRootPart_k10_HumanoidRootPart



--Right Arm
  Right_Arm_k10_HumanoidRootPart_Torso_Right_Arm = Instance.new("Pose")
Right_Arm_k10_HumanoidRootPart_Torso_Right_Arm.Name = "Right Arm"
Right_Arm_k10_HumanoidRootPart_Torso_Right_Arm.CFrame = cf(-0.065523, 1.041630, -0.002317, -0.004554, -0.999550, -0.029650, 0.999342, -0.005616, 0.035828, -0.035978, -0.029468, 0.998918)
Right_Arm_k10_HumanoidRootPart_Torso_Right_Arm.Parent = Torso_k10_HumanoidRootPart_Torso



--Left Arm
  Left_Arm_k10_HumanoidRootPart_Torso_Left_Arm = Instance.new("Pose")
Left_Arm_k10_HumanoidRootPart_Torso_Left_Arm.Name = "Left Arm"
Left_Arm_k10_HumanoidRootPart_Torso_Left_Arm.CFrame = cf(-0.074915, 0.899441, 0.002330, -0.997407, -0.016831, 0.069975, 0.016814, -0.999858, -0.000831, 0.069979, 0.000348, 0.997548)
Left_Arm_k10_HumanoidRootPart_Torso_Left_Arm.Parent = Torso_k10_HumanoidRootPart_Torso



--Right Leg
  Right_Leg_k10_HumanoidRootPart_Torso_Right_Leg = Instance.new("Pose")
Right_Leg_k10_HumanoidRootPart_Torso_Right_Leg.Name = "Right Leg"
Right_Leg_k10_HumanoidRootPart_Torso_Right_Leg.CFrame = cf(-0.000746, -0.007048, -0.000038, 0.999925, 0.012251, -0.000047, -0.012250, 0.999897, -0.007522, -0.000045, 0.007522, 0.999972)
Right_Leg_k10_HumanoidRootPart_Torso_Right_Leg.Parent = Torso_k10_HumanoidRootPart_Torso



--Left Leg
  Left_Leg_k10_HumanoidRootPart_Torso_Left_Leg = Instance.new("Pose")
Left_Leg_k10_HumanoidRootPart_Torso_Left_Leg.Name = "Left Leg"
Left_Leg_k10_HumanoidRootPart_Torso_Left_Leg.CFrame = cf(-0.000698, 0.007003, -0.000030, 0.999915, -0.013028, -0.000048, 0.013028, 0.999887, 0.007533, -0.000050, -0.007533, 0.999972)
Left_Leg_k10_HumanoidRootPart_Torso_Left_Leg.Parent = Torso_k10_HumanoidRootPart_Torso



--Head
  Head_k10_HumanoidRootPart_Torso_Head = Instance.new("Pose")
Head_k10_HumanoidRootPart_Torso_Head.Name = "Head"
Head_k10_HumanoidRootPart_Torso_Head.CFrame = cf(0.000000, -0.000000, 0.000000, 1.000000, 0.000000, 0.000000, 0.000000, 1.000000, 0.000000, -0.000000, -0.000000, 1.000000)
Head_k10_HumanoidRootPart_Torso_Head.Parent = Torso_k10_HumanoidRootPart_Torso



--right handle
  right_handle_k10_HumanoidRootPart_right_handle = Instance.new("Pose")
right_handle_k10_HumanoidRootPart_right_handle.Name = "right handle"
right_handle_k10_HumanoidRootPart_right_handle.CFrame = cf(-1.690791, 1.300275, 5.297143, 0.976963, 0.020955, -0.212376, -0.020846, 0.999779, 0.002754, 0.212387, 0.001737, 0.977184)
right_handle_k10_HumanoidRootPart_right_handle.Parent = HumanoidRootPart_k10_HumanoidRootPart



--left handle
  left_handle_k10_HumanoidRootPart_left_handle = Instance.new("Pose")
left_handle_k10_HumanoidRootPart_left_handle.Name = "left handle"
left_handle_k10_HumanoidRootPart_left_handle.CFrame = cf(-1.522259, -0.682966, 5.322631, 0.981763, -0.177723, 0.067495, 0.064972, -0.019983, -0.997687, 0.178661, 0.983878, -0.008072)
left_handle_k10_HumanoidRootPart_left_handle.Parent = HumanoidRootPart_k10_HumanoidRootPart



-- Keyframe 11 (Time: 0.1666666716337204)
 keyframe11 = Instance.new("Keyframe")
keyframe11.Time = 0.1666666716337204
keyframe11.Parent = KeyframeSequence

--HumanoidRootPart
  HumanoidRootPart_k11_HumanoidRootPart = Instance.new("Pose")
HumanoidRootPart_k11_HumanoidRootPart.Name = "HumanoidRootPart"
HumanoidRootPart_k11_HumanoidRootPart.CFrame = cf(0.000000, 0.000000, 0.000000, 1.000000, 0.000000, 0.000000, 0.000000, 1.000000, 0.000000, 0.000000, 0.000000, 1.000000)
HumanoidRootPart_k11_HumanoidRootPart.Parent = keyframe11



--Torso
  Torso_k11_HumanoidRootPart_Torso = Instance.new("Pose")
Torso_k11_HumanoidRootPart_Torso.Name = "Torso"
Torso_k11_HumanoidRootPart_Torso.CFrame = cf(1.221986, -0.004217, 1.515238, 0.980778, 0.004779, 0.195070, -0.003999, 0.999982, -0.004390, -0.195088, 0.003525, 0.980779)
Torso_k11_HumanoidRootPart_Torso.Parent = HumanoidRootPart_k11_HumanoidRootPart



--Right Arm
  Right_Arm_k11_HumanoidRootPart_Torso_Right_Arm = Instance.new("Pose")
Right_Arm_k11_HumanoidRootPart_Torso_Right_Arm.Name = "Right Arm"
Right_Arm_k11_HumanoidRootPart_Torso_Right_Arm.CFrame = cf(0.076525, 0.914167, 0.002426, -0.997328, 0.023383, -0.069217, -0.023651, -0.999716, 0.003059, -0.069126, 0.004687, 0.997597)
Right_Arm_k11_HumanoidRootPart_Torso_Right_Arm.Parent = Torso_k11_HumanoidRootPart_Torso



--Left Arm
  Left_Arm_k11_HumanoidRootPart_Torso_Left_Arm = Instance.new("Pose")
Left_Arm_k11_HumanoidRootPart_Torso_Left_Arm.Name = "Left Arm"
Left_Arm_k11_HumanoidRootPart_Torso_Left_Arm.CFrame = cf(-0.074915, 0.899441, 0.002331, -0.997407, -0.016830, 0.069975, 0.016813, -0.999858, -0.000832, 0.069979, 0.000347, 0.997548)
Left_Arm_k11_HumanoidRootPart_Torso_Left_Arm.Parent = Torso_k11_HumanoidRootPart_Torso



--Right Leg
  Right_Leg_k11_HumanoidRootPart_Torso_Right_Leg = Instance.new("Pose")
Right_Leg_k11_HumanoidRootPart_Torso_Right_Leg.Name = "Right Leg"
