-- KeyframeSequence Export: metal emote
-- Generated on 2026-03-14 13:29:51

local KeyframeSequence = Instance.new("KeyframeSequence")
KeyframeSequence.Name = "metal emote"
local cf=CFrame.new

-- Keyframe 1 (Time: 0)
 keyframe1 = Instance.new("Keyframe")
keyframe1.Time = 0
keyframe1.Parent = KeyframeSequence

--HumanoidRootPart
  HumanoidRootPart_k1_HumanoidRootPart = Instance.new("Pose")
HumanoidRootPart_k1_HumanoidRootPart.Name = "HumanoidRootPart"
HumanoidRootPart_k1_HumanoidRootPart.CFrame = cf(0.000000, 0.000000, 0.000000, 1.000000, 0.000000, 0.000000, 0.000000, 1.000000, 0.000000, 0.000000, 0.000000, 1.000000)
HumanoidRootPart_k1_HumanoidRootPart.Parent = keyframe1



--Torso
  Torso_k1_HumanoidRootPart_Torso = Instance.new("Pose")
Torso_k1_HumanoidRootPart_Torso.Name = "Torso"
Torso_k1_HumanoidRootPart_Torso.CFrame = cf(-0.131391, 0.140049, -0.404616, 0.920479, -0.379876, -0.091722, 0.390729, 0.890420, 0.233415, -0.006998, -0.250692, 0.968042)
Torso_k1_HumanoidRootPart_Torso.Parent = HumanoidRootPart_k1_HumanoidRootPart



--Left Leg
  Left_Leg_k1_HumanoidRootPart_Torso_Left_Leg = Instance.new("Pose")
Left_Leg_k1_HumanoidRootPart_Torso_Left_Leg.Name = "Left Leg"
Left_Leg_k1_HumanoidRootPart_Torso_Left_Leg.CFrame = cf(-0.259636, 0.300702, 0.095485, 0.827654, -0.560802, -0.022132, 0.537889, 0.781348, 0.316499, -0.160200, -0.273856, 0.948335)
Left_Leg_k1_HumanoidRootPart_Torso_Left_Leg.Parent = Torso_k1_HumanoidRootPart_Torso



--Right Arm
  Right_Arm_k1_HumanoidRootPart_Torso_Right_Arm = Instance.new("Pose")
Right_Arm_k1_HumanoidRootPart_Torso_Right_Arm.Name = "Right Arm"
Right_Arm_k1_HumanoidRootPart_Torso_Right_Arm.CFrame = cf(0.223586, 0.394844, -0.195357, -0.831332, -0.141700, 0.537409, 0.295327, -0.931767, 0.211168, 0.470818, 0.334262, 0.816455)
Right_Arm_k1_HumanoidRootPart_Torso_Right_Arm.Parent = Torso_k1_HumanoidRootPart_Torso



--Left Arm
  Left_Arm_k1_HumanoidRootPart_Torso_Left_Arm = Instance.new("Pose")
Left_Arm_k1_HumanoidRootPart_Torso_Left_Arm.Name = "Left Arm"
Left_Arm_k1_HumanoidRootPart_Torso_Left_Arm.CFrame = cf(-0.321889, 0.381320, -0.175537, -0.735762, 0.196783, -0.648021, -0.371947, -0.917043, 0.143833, -0.565959, 0.346857, 0.747917)
Left_Arm_k1_HumanoidRootPart_Torso_Left_Arm.Parent = Torso_k1_HumanoidRootPart_Torso



--Right Leg
  Right_Leg_k1_HumanoidRootPart_Torso_Right_Leg = Instance.new("Pose")
Right_Leg_k1_HumanoidRootPart_Torso_Right_Leg.Name = "Right Leg"
Right_Leg_k1_HumanoidRootPart_Torso_Right_Leg.CFrame = cf(0.089615, 0.389359, 0.228255, 0.899687, 0.201073, -0.387471, -0.104855, 0.961156, 0.255311, 0.423756, -0.189072, 0.885823)
Right_Leg_k1_HumanoidRootPart_Torso_Right_Leg.Parent = Torso_k1_HumanoidRootPart_Torso



--Head
  Head_k1_HumanoidRootPart_Torso_Head = Instance.new("Pose")
Head_k1_HumanoidRootPart_Torso_Head.Name = "Head"
Head_k1_HumanoidRootPart_Torso_Head.CFrame = cf(0.000000, -0.000000, -0.000000, 0.938048, 0.345344, -0.028352, -0.342169, 0.910296, -0.232984, -0.054651, 0.228251, 0.972067)
Head_k1_HumanoidRootPart_Torso_Head.Parent = Torso_k1_HumanoidRootPart_Torso



--left handle
  left_handle_k1_left_handle = Instance.new("Pose")
left_handle_k1_left_handle.Name = "left handle"
left_handle_k1_left_handle.CFrame = cf(0.994108, -0.087354, 3.868446, 0.918720, -0.227480, -0.322811, -0.263172, -0.962134, -0.070987, -0.294439, 0.150172, -0.943798)
left_handle_k1_left_handle.Parent = keyframe1



--right handle
  right_handle_k1_right_handle = Instance.new("Pose")
right_handle_k1_right_handle.Name = "right handle"
right_handle_k1_right_handle.CFrame = cf(-0.297586, -0.345239, 3.369697, 0.561600, -0.284755, 0.776866, 0.747210, -0.228711, -0.623994, 0.355363, 0.930917, 0.084328)
right_handle_k1_right_handle.Parent = keyframe1



-- Keyframe 2 (Time: 0.01666666753590107)
 keyframe2 = Instance.new("Keyframe")
keyframe2.Time = 0.01666666753590107
keyframe2.Parent = KeyframeSequence

--HumanoidRootPart
  HumanoidRootPart_k2_HumanoidRootPart = Instance.new("Pose")
HumanoidRootPart_k2_HumanoidRootPart.Name = "HumanoidRootPart"
HumanoidRootPart_k2_HumanoidRootPart.CFrame = cf(0.000000, 0.000000, 0.000000, 1.000000, 0.000000, 0.000000, 0.000000, 1.000000, 0.000000, 0.000000, 0.000000, 1.000000)
HumanoidRootPart_k2_HumanoidRootPart.Parent = keyframe2



--Torso
  Torso_k2_HumanoidRootPart_Torso = Instance.new("Pose")
Torso_k2_HumanoidRootPart_Torso.Name = "Torso"
Torso_k2_HumanoidRootPart_Torso.CFrame = cf(-0.127320, 0.141708, -0.433600, 0.921841, -0.378077, -0.085249, 0.387340, 0.891172, 0.236180, -0.013323, -0.250740, 0.967963)
Torso_k2_HumanoidRootPart_Torso.Parent = HumanoidRootPart_k2_HumanoidRootPart



--Left Leg
  Left_Leg_k2_HumanoidRootPart_Torso_Left_Leg = Instance.new("Pose")
Left_Leg_k2_HumanoidRootPart_Torso_Left_Leg.Name = "Left Leg"
Left_Leg_k2_HumanoidRootPart_Torso_Left_Leg.CFrame = cf(-0.298858, 0.313665, 0.098105, 0.814443, -0.579729, -0.024428, 0.555137, 0.766263, 0.323518, -0.168835, -0.277048, 0.945907)
Left_Leg_k2_HumanoidRootPart_Torso_Left_Leg.Parent = Torso_k2_HumanoidRootPart_Torso



--Right Arm
  Right_Arm_k2_HumanoidRootPart_Torso_Right_Arm = Instance.new("Pose")
Right_Arm_k2_HumanoidRootPart_Torso_Right_Arm.Name = "Right Arm"
Right_Arm_k2_HumanoidRootPart_Torso_Right_Arm.CFrame = cf(0.191734, 0.317963, -0.176112, -0.832234, -0.148272, 0.534230, 0.326631, -0.909725, 0.256345, 0.447994, 0.387835, 0.805534)
Right_Arm_k2_HumanoidRootPart_Torso_Right_Arm.Parent = Torso_k2_HumanoidRootPart_Torso



--Left Arm
  Left_Arm_k2_HumanoidRootPart_Torso_Left_Arm = Instance.new("Pose")
Left_Arm_k2_HumanoidRootPart_Torso_Left_Arm.Name = "Left Arm"
Left_Arm_k2_HumanoidRootPart_Torso_Left_Arm.CFrame = cf(-0.317903, 0.340949, -0.143012, -0.744548, 0.209741, -0.633764, -0.395534, -0.903379, 0.165706, -0.537774, 0.374052, 0.755569)
Left_Arm_k2_HumanoidRootPart_Torso_Left_Arm.Parent = Torso_k2_HumanoidRootPart_Torso



--Right Leg
  Right_Leg_k2_HumanoidRootPart_Torso_Right_Leg = Instance.new("Pose")
Right_Leg_k2_HumanoidRootPart_Torso_Right_Leg.Name = "Right Leg"
Right_Leg_k2_HumanoidRootPart_Torso_Right_Leg.CFrame = cf(0.130121, 0.405073, 0.238164, 0.897342, 0.217876, -0.383806, -0.125571, 0.959746, 0.251235, 0.423094, -0.177249, 0.888580)
Right_Leg_k2_HumanoidRootPart_Torso_Right_Leg.Parent = Torso_k2_HumanoidRootPart_Torso



--Head
  Head_k2_HumanoidRootPart_Torso_Head = Instance.new("Pose")
Head_k2_HumanoidRootPart_Torso_Head.Name = "Head"
Head_k2_HumanoidRootPart_Torso_Head.CFrame = cf(0.000000, 0.000000, 0.000000, 0.940327, 0.339604, -0.021314, -0.332721, 0.904532, -0.266680, -0.071286, 0.257858, 0.963549)
Head_k2_HumanoidRootPart_Torso_Head.Parent = Torso_k2_HumanoidRootPart_Torso



--left handle
  left_handle_k2_left_handle = Instance.new("Pose")
left_handle_k2_left_handle.Name = "left handle"
left_handle_k2_left_handle.CFrame = cf(0.978335, -0.062259, 3.785666, 0.919633, -0.201056, -0.337418, -0.244993, -0.965086, -0.092665, -0.307007, 0.167883, -0.936783)
left_handle_k2_left_handle.Parent = keyframe2



--right handle
  right_handle_k2_right_handle = Instance.new("Pose")
right_handle_k2_right_handle.Name = "right handle"
right_handle_k2_right_handle.CFrame = cf(-0.381862, -0.391064, 3.271483, 0.556661, -0.344622, 0.755887, 0.726455, -0.239441, -0.644152, 0.402979, 0.907692, 0.117065)
right_handle_k2_right_handle.Parent = keyframe2



-- Keyframe 3 (Time: 0.03333333507180214)
 keyframe3 = Instance.new("Keyframe")
keyframe3.Time = 0.03333333507180214
keyframe3.Parent = KeyframeSequence

--HumanoidRootPart
  HumanoidRootPart_k3_HumanoidRootPart = Instance.new("Pose")
HumanoidRootPart_k3_HumanoidRootPart.Name = "HumanoidRootPart"
HumanoidRootPart_k3_HumanoidRootPart.CFrame = cf(0.000000, 0.000000, 0.000000, 1.000000, 0.000000, 0.000000, 0.000000, 1.000000, 0.000000, 0.000000, 0.000000, 1.000000)
HumanoidRootPart_k3_HumanoidRootPart.Parent = keyframe3



--Torso
  Torso_k3_HumanoidRootPart_Torso = Instance.new("Pose")
Torso_k3_HumanoidRootPart_Torso.Name = "Torso"
Torso_k3_HumanoidRootPart_Torso.CFrame = cf(-0.117134, 0.145421, -0.447416, 0.922623, -0.379211, -0.070462, 0.384599, 0.890697, 0.242368, -0.029149, -0.250714, 0.967622)
Torso_k3_HumanoidRootPart_Torso.Parent = HumanoidRootPart_k3_HumanoidRootPart



--Left Leg
  Left_Leg_k3_HumanoidRootPart_Torso_Left_Leg = Instance.new("Pose")
Left_Leg_k3_HumanoidRootPart_Torso_Left_Leg.Name = "Left Leg"
Left_Leg_k3_HumanoidRootPart_Torso_Left_Leg.CFrame = cf(-0.319504, 0.333274, 0.099808, 0.808212, -0.588258, -0.027304, 0.561246, 0.755403, 0.338185, -0.178315, -0.288649, 0.940684)
Left_Leg_k3_HumanoidRootPart_Torso_Left_Leg.Parent = Torso_k3_HumanoidRootPart_Torso



--Right Arm
  Right_Arm_k3_HumanoidRootPart_Torso_Right_Arm = Instance.new("Pose")
Right_Arm_k3_HumanoidRootPart_Torso_Right_Arm.Name = "Right Arm"
Right_Arm_k3_HumanoidRootPart_Torso_Right_Arm.CFrame = cf(0.154680, 0.215689, -0.140591, -0.833797, -0.171023, 0.524914, 0.377424, -0.870493, 0.315900, 0.402908, 0.461511, 0.790362)
Right_Arm_k3_HumanoidRootPart_Torso_Right_Arm.Parent = Torso_k3_HumanoidRootPart_Torso



--Left Arm
  Left_Arm_k3_HumanoidRootPart_Torso_Left_Arm = Instance.new("Pose")
Left_Arm_k3_HumanoidRootPart_Torso_Left_Arm.Name = "Left Arm"
Left_Arm_k3_HumanoidRootPart_Torso_Left_Arm.CFrame = cf(-0.301728, 0.277300, -0.088991, -0.753090, 0.254464, -0.606715, -0.422943, -0.893624, 0.150184, -0.503959, 0.369708, 0.780603)
Left_Arm_k3_HumanoidRootPart_Torso_Left_Arm.Parent = Torso_k3_HumanoidRootPart_Torso



--Right Leg
  Right_Leg_k3_HumanoidRootPart_Torso_Right_Leg = Instance.new("Pose")
Right_Leg_k3_HumanoidRootPart_Torso_Right_Leg.Name = "Right Leg"
Right_Leg_k3_HumanoidRootPart_Torso_Right_Leg.CFrame = cf(0.145716, 0.396680, 0.242666, 0.895356, 0.225896, -0.383809, -0.140109, 0.960928, 0.238719, 0.422739, -0.159963, 0.892022)
Right_Leg_k3_HumanoidRootPart_Torso_Right_Leg.Parent = Torso_k3_HumanoidRootPart_Torso



--Head
  Head_k3_HumanoidRootPart_Torso_Head = Instance.new("Pose")
Head_k3_HumanoidRootPart_Torso_Head.Name = "Head"
Head_k3_HumanoidRootPart_Torso_Head.CFrame = cf(0.000000, -0.000000, 0.000000, 0.942448, 0.334160, -0.011372, -0.321753, 0.897160, -0.302621, -0.090922, 0.288863, 0.953043)
Head_k3_HumanoidRootPart_Torso_Head.Parent = Torso_k3_HumanoidRootPart_Torso



--left handle
  left_handle_k3_left_handle = Instance.new("Pose")
left_handle_k3_left_handle.Name = "left handle"
left_handle_k3_left_handle.CFrame = cf(0.831564, -0.038199, 3.688216, 0.937716, -0.169412, -0.303296, -0.215809, -0.968218, -0.126411, -0.272241, 0.183992, -0.944474)
left_handle_k3_left_handle.Parent = keyframe3



--right handle
  right_handle_k3_right_handle = Instance.new("Pose")
right_handle_k3_right_handle.Name = "right handle"
right_handle_k3_right_handle.CFrame = cf(-0.525478, -0.436009, 3.167676, 0.545659, -0.437675, 0.714631, 0.693890, -0.242169, -0.678138, 0.469865, 0.865907, 0.171557)
right_handle_k3_right_handle.Parent = keyframe3



-- Keyframe 4 (Time: 0.05000000074505806)
 keyframe4 = Instance.new("Keyframe")
keyframe4.Time = 0.05000000074505806
keyframe4.Parent = KeyframeSequence

--HumanoidRootPart
  HumanoidRootPart_k4_HumanoidRootPart = Instance.new("Pose")
HumanoidRootPart_k4_HumanoidRootPart.Name = "HumanoidRootPart"
HumanoidRootPart_k4_HumanoidRootPart.CFrame = cf(0.000000, 0.000000, 0.000000, 1.000000, 0.000000, 0.000000, 0.000000, 1.000000, 0.000000, 0.000000, 0.000000, 1.000000)
HumanoidRootPart_k4_HumanoidRootPart.Parent = keyframe4



--Torso
  Torso_k4_HumanoidRootPart_Torso = Instance.new("Pose")
Torso_k4_HumanoidRootPart_Torso.Name = "Torso"
Torso_k4_HumanoidRootPart_Torso.CFrame = cf(-0.103028, 0.149797, -0.443517, 0.922960, -0.381245, -0.052892, 0.381878, 0.889853, 0.249662, -0.048116, -0.250626, 0.966888)
Torso_k4_HumanoidRootPart_Torso.Parent = HumanoidRootPart_k4_HumanoidRootPart



--Left Leg
  Left_Leg_k4_HumanoidRootPart_Torso_Left_Leg = Instance.new("Pose")
Left_Leg_k4_HumanoidRootPart_Torso_Left_Leg.Name = "Left Leg"
Left_Leg_k4_HumanoidRootPart_Torso_Left_Leg.CFrame = cf(-0.316471, 0.352466, 0.100725, 0.809648, -0.586242, -0.028105, 0.556490, 0.751579, 0.354185, -0.186515, -0.302406, 0.934753)
Left_Leg_k4_HumanoidRootPart_Torso_Left_Leg.Parent = Torso_k4_HumanoidRootPart_Torso



--Right Arm
  Right_Arm_k4_HumanoidRootPart_Torso_Right_Arm = Instance.new("Pose")
Right_Arm_k4_HumanoidRootPart_Torso_Right_Arm.Name = "Right Arm"
Right_Arm_k4_HumanoidRootPart_Torso_Right_Arm.CFrame = cf(0.135898, 0.165231, -0.121281, -0.841853, -0.192021, 0.504392, 0.402285, -0.846278, 0.349256, 0.359792, 0.496932, 0.789689)
Right_Arm_k4_HumanoidRootPart_Torso_Right_Arm.Parent = Torso_k4_HumanoidRootPart_Torso



--Left Arm
  Left_Arm_k4_HumanoidRootPart_Torso_Left_Arm = Instance.new("Pose")
Left_Arm_k4_HumanoidRootPart_Torso_Left_Arm.Name = "Left Arm"
Left_Arm_k4_HumanoidRootPart_Torso_Left_Arm.CFrame = cf(-0.275290, 0.248933, -0.057085, -0.749270, 0.281207, -0.599598, -0.436527, -0.890565, 0.127825, -0.498036, 0.357516, 0.790027)
Left_Arm_k4_HumanoidRootPart_Torso_Left_Arm.Parent = Torso_k4_HumanoidRootPart_Torso



--Right Leg
  Right_Leg_k4_HumanoidRootPart_Torso_Right_Leg = Instance.new("Pose")
Right_Leg_k4_HumanoidRootPart_Torso_Right_Leg.Name = "Right Leg"
Right_Leg_k4_HumanoidRootPart_Torso_Right_Leg.CFrame = cf(0.137148, 0.369976, 0.240500, 0.895051, 0.224212, -0.385504, -0.145183, 0.963833, 0.223491, 0.421671, -0.144068, 0.895231)
Right_Leg_k4_HumanoidRootPart_Torso_Right_Leg.Parent = Torso_k4_HumanoidRootPart_Torso



--Head
  Head_k4_HumanoidRootPart_Torso_Head = Instance.new("Pose")
Head_k4_HumanoidRootPart_Torso_Head.Name = "Head"
Head_k4_HumanoidRootPart_Torso_Head.CFrame = cf(0.000000, 0.000000, 0.000000, 0.944376, 0.328851, 0.003337, -0.308625, 0.889706, -0.336414, -0.113599, 0.316671, 0.941708)
Head_k4_HumanoidRootPart_Torso_Head.Parent = Torso_k4_HumanoidRootPart_Torso



--left handle
  left_handle_k4_left_handle = Instance.new("Pose")
left_handle_k4_left_handle.Name = "left handle"
left_handle_k4_left_handle.CFrame = cf(0.704632, -0.053253, 3.638218, 0.949006, -0.169885, -0.265567, -0.211964, -0.967399, -0.138604, -0.233363, 0.187827, -0.954077)
left_handle_k4_left_handle.Parent = keyframe4



--right handle
  right_handle_k4_right_handle = Instance.new("Pose")
right_handle_k4_right_handle.Name = "right handle"
right_handle_k4_right_handle.CFrame = cf(-0.637262, -0.470455, 3.127598, 0.547711, -0.495361, 0.674263, 0.662299, -0.235744, -0.711186, 0.511247, 0.836088, 0.198958)
right_handle_k4_right_handle.Parent = keyframe4



-- Keyframe 5 (Time: 0.06666667014360428)
 keyframe5 = Instance.new("Keyframe")
keyframe5.Time = 0.06666667014360428
keyframe5.Parent = KeyframeSequence

--HumanoidRootPart
  HumanoidRootPart_k5_HumanoidRootPart = Instance.new("Pose")
HumanoidRootPart_k5_HumanoidRootPart.Name = "HumanoidRootPart"
HumanoidRootPart_k5_HumanoidRootPart.CFrame = cf(0.000000, 0.000000, 0.000000, 1.000000, 0.000000, 0.000000, 0.000000, 1.000000, 0.000000, 0.000000, 0.000000, 1.000000)
HumanoidRootPart_k5_HumanoidRootPart.Parent = keyframe5



--Torso
  Torso_k5_HumanoidRootPart_Torso = Instance.new("Pose")
Torso_k5_HumanoidRootPart_Torso.Name = "Torso"
Torso_k5_HumanoidRootPart_Torso.CFrame = cf(-0.087189, 0.153458, -0.430261, 0.923318, -0.382145, -0.038064, 0.378686, 0.889484, 0.255764, -0.063881, -0.250565, 0.965990)
Torso_k5_HumanoidRootPart_Torso.Parent = HumanoidRootPart_k5_HumanoidRootPart



--Left Leg
  Left_Leg_k5_HumanoidRootPart_Torso_Left_Leg = Instance.new("Pose")
Left_Leg_k5_HumanoidRootPart_Torso_Left_Leg.Name = "Left Leg"
Left_Leg_k5_HumanoidRootPart_Torso_Left_Leg.CFrame = cf(-0.299216, 0.365886, 0.101899, 0.814305, -0.579864, -0.025810, 0.547576, 0.752693, 0.365534, -0.192532, -0.311789, 0.930440)
Left_Leg_k5_HumanoidRootPart_Torso_Left_Leg.Parent = Torso_k5_HumanoidRootPart_Torso



--Right Arm
  Right_Arm_k5_HumanoidRootPart_Torso_Right_Arm = Instance.new("Pose")
Right_Arm_k5_HumanoidRootPart_Torso_Right_Arm.Name = "Right Arm"
Right_Arm_k5_HumanoidRootPart_Torso_Right_Arm.CFrame = cf(0.136178, 0.167676, -0.123929, -0.853510, -0.203348, 0.479761, 0.399218, -0.846901, 0.351261, 0.334882, 0.491334, 0.804018)
Right_Arm_k5_HumanoidRootPart_Torso_Right_Arm.Parent = Torso_k5_HumanoidRootPart_Torso



--Left Arm
  Left_Arm_k5_HumanoidRootPart_Torso_Left_Arm = Instance.new("Pose")
Left_Arm_k5_HumanoidRootPart_Torso_Left_Arm.Name = "Left Arm"
Left_Arm_k5_HumanoidRootPart_Torso_Left_Arm.CFrame = cf(-0.245894, 0.273600, -0.059308, -0.733878, 0.283362, -0.617357, -0.432582, -0.895678, 0.103120, -0.523733, 0.342735, 0.779895)
Left_Arm_k5_HumanoidRootPart_Torso_Left_Arm.Parent = Torso_k5_HumanoidRootPart_Torso



--Right Leg
  Right_Leg_k5_HumanoidRootPart_Torso_Right_Leg = Instance.new("Pose")
Right_Leg_k5_HumanoidRootPart_Torso_Right_Leg.Name = "Right Leg"
Right_Leg_k5_HumanoidRootPart_Torso_Right_Leg.CFrame = cf(0.117360, 0.339803, 0.233474, 0.896471, 0.217165, -0.386237, -0.142779, 0.966747, 0.212165, 0.419468, -0.135053, 0.897668)
Right_Leg_k5_HumanoidRootPart_Torso_Right_Leg.Parent = Torso_k5_HumanoidRootPart_Torso



--Head
  Head_k5_HumanoidRootPart_Torso_Head = Instance.new("Pose")
Head_k5_HumanoidRootPart_Torso_Head.Name = "Head"
Head_k5_HumanoidRootPart_Torso_Head.CFrame = cf(0.000000, -0.000000, -0.000000, 0.945729, 0.324026, 0.024574, -0.293438, 0.884046, -0.363808, -0.139608, 0.336852, 0.931150)
Head_k5_HumanoidRootPart_Torso_Head.Parent = Torso_k5_HumanoidRootPart_Torso



--left handle
  left_handle_k5_left_handle = Instance.new("Pose")
left_handle_k5_left_handle.Name = "left handle"
left_handle_k5_left_handle.CFrame = cf(0.637818, -0.099275, 3.655281, 0.949656, -0.204882, -0.237016, -0.239380, -0.962577, -0.127057, -0.202114, 0.177397, -0.963161)
left_handle_k5_left_handle.Parent = keyframe5



--right handle
  right_handle_k5_right_handle = Instance.new("Pose")
right_handle_k5_right_handle.Name = "right handle"
right_handle_k5_right_handle.CFrame = cf(-0.692721, -0.493845, 3.151185, 0.565000, -0.507528, 0.650531, 0.640619, -0.227043, -0.733525, 0.519982, 0.831184, 0.196853)
right_handle_k5_right_handle.Parent = keyframe5



-- Keyframe 6 (Time: 0.0833333358168602)
 keyframe6 = Instance.new("Keyframe")
keyframe6.Time = 0.0833333358168602
keyframe6.Parent = KeyframeSequence

--HumanoidRootPart
  HumanoidRootPart_k6_HumanoidRootPart = Instance.new("Pose")
HumanoidRootPart_k6_HumanoidRootPart.Name = "HumanoidRootPart"
HumanoidRootPart_k6_HumanoidRootPart.CFrame = cf(0.000000, 0.000000, 0.000000, 1.000000, 0.000000, 0.000000, 0.000000, 1.000000, 0.000000, 0.000000, 0.000000, 1.000000)
HumanoidRootPart_k6_HumanoidRootPart.Parent = keyframe6



--Torso
  Torso_k6_HumanoidRootPart_Torso = Instance.new("Pose")
Torso_k6_HumanoidRootPart_Torso.Name = "Torso"
Torso_k6_HumanoidRootPart_Torso.CFrame = cf(-0.071791, 0.155045, -0.406127, 0.924502, -0.379876, -0.031476, 0.374670, 0.890420, 0.258408, -0.070136, -0.250692, 0.965523)
Torso_k6_HumanoidRootPart_Torso.Parent = HumanoidRootPart_k6_HumanoidRootPart



--Left Leg
  Left_Leg_k6_HumanoidRootPart_Torso_Left_Leg = Instance.new("Pose")
Left_Leg_k6_HumanoidRootPart_Torso_Left_Leg.Name = "Left Leg"
Left_Leg_k6_HumanoidRootPart_Torso_Left_Leg.CFrame = cf(-0.263278, 0.366425, 0.103925, 0.822041, -0.569141, -0.018073, 0.535116, 0.761267, 0.366230, -0.194678, -0.310727, 0.930349)
Left_Leg_k6_HumanoidRootPart_Torso_Left_Leg.Parent = Torso_k6_HumanoidRootPart_Torso



--Right Arm
  Right_Arm_k6_HumanoidRootPart_Torso_Right_Arm = Instance.new("Pose")
Right_Arm_k6_HumanoidRootPart_Torso_Right_Arm.Name = "Right Arm"
Right_Arm_k6_HumanoidRootPart_Torso_Right_Arm.CFrame = cf(0.138722, 0.186471, -0.132361, -0.859655, -0.207424, 0.466872, 0.391966, -0.853907, 0.342354, 0.327653, 0.477304, 0.815368)
Right_Arm_k6_HumanoidRootPart_Torso_Right_Arm.Parent = Torso_k6_HumanoidRootPart_Torso



--Left Arm
  Left_Arm_k6_HumanoidRootPart_Torso_Left_Arm = Instance.new("Pose")
Left_Arm_k6_HumanoidRootPart_Torso_Left_Arm.Name = "Left Arm"
Left_Arm_k6_HumanoidRootPart_Torso_Left_Arm.CFrame = cf(-0.221371, 0.332443, -0.078105, -0.715606, 0.284477, -0.637951, -0.418736, -0.905719, 0.065826, -0.559078, 0.314239, 0.767258)
Left_Arm_k6_HumanoidRootPart_Torso_Left_Arm.Parent = Torso_k6_HumanoidRootPart_Torso



--Right Leg
  Right_Leg_k6_HumanoidRootPart_Torso_Right_Leg = Instance.new("Pose")
Right_Leg_k6_HumanoidRootPart_Torso_Right_Leg.Name = "Right Leg"
Right_Leg_k6_HumanoidRootPart_Torso_Right_Leg.CFrame = cf(0.086457, 0.312570, 0.221027, 0.900637, 0.203382, -0.384042, -0.129014, 0.969018, 0.210618, 0.414980, -0.140144, 0.898973)
Right_Leg_k6_HumanoidRootPart_Torso_Right_Leg.Parent = Torso_k6_HumanoidRootPart_Torso



--Head
  Head_k6_HumanoidRootPart_Torso_Head = Instance.new("Pose")
Head_k6_HumanoidRootPart_Torso_Head.Name = "Head"
Head_k6_HumanoidRootPart_Torso_Head.CFrame = cf(0.000000, 0.000000, -0.000000, 0.945798, 0.320241, 0.053964, -0.276996, 0.882233, -0.380708, -0.169527, 0.345125, 0.923119)
Head_k6_HumanoidRootPart_Torso_Head.Parent = Torso_k6_HumanoidRootPart_Torso



--left handle
  left_handle_k6_left_handle = Instance.new("Pose")
left_handle_k6_left_handle.Name = "left handle"
left_handle_k6_left_handle.CFrame = cf(0.586380, -0.141616, 3.726985, 0.946615, -0.249184, -0.204516, -0.275436, -0.954832, -0.111495, -0.167496, 0.161874, -0.972493)
left_handle_k6_left_handle.Parent = keyframe6



--right handle
  right_handle_k6_right_handle = Instance.new("Pose")
right_handle_k6_right_handle.Name = "right handle"
right_handle_k6_right_handle.CFrame = cf(-0.712249, -0.506242, 3.198919, 0.579924, -0.501730, 0.641837, 0.632092, -0.219918, -0.743031, 0.513952, 0.836602, 0.189604)
right_handle_k6_right_handle.Parent = keyframe6



-- Keyframe 7 (Time: 0.10000000149011612)
 keyframe7 = Instance.new("Keyframe")
keyframe7.Time = 0.10000000149011612
keyframe7.Parent = KeyframeSequence

--HumanoidRootPart
  HumanoidRootPart_k7_HumanoidRootPart = Instance.new("Pose")
HumanoidRootPart_k7_HumanoidRootPart.Name = "HumanoidRootPart"
HumanoidRootPart_k7_HumanoidRootPart.CFrame = cf(0.000000, 0.000000, 0.000000, 1.000000, 0.000000, 0.000000, 0.000000, 1.000000, 0.000000, 0.000000, 0.000000, 1.000000)
HumanoidRootPart_k7_HumanoidRootPart.Parent = keyframe7



--Torso
  Torso_k7_HumanoidRootPart_Torso = Instance.new("Pose")
Torso_k7_HumanoidRootPart_Torso.Name = "Torso"
Torso_k7_HumanoidRootPart_Torso.CFrame = cf(-0.058438, 0.153550, -0.371240, 0.930036, -0.365532, -0.037677, 0.362573, 0.896129, 0.255917, -0.059783, -0.251672, 0.965964)
Torso_k7_HumanoidRootPart_Torso.Parent = HumanoidRootPart_k7_HumanoidRootPart



--Left Leg
  Left_Leg_k7_HumanoidRootPart_Torso_Left_Leg = Instance.new("Pose")
Left_Leg_k7_HumanoidRootPart_Torso_Left_Leg.Name = "Left Leg"
Left_Leg_k7_HumanoidRootPart_Torso_Left_Leg.CFrame = cf(-0.199006, 0.347545, 0.108497, 0.830104, -0.557595, 0.004033, 0.520926, 0.778053, 0.351097, -0.198908, -0.289346, 0.936330)
Left_Leg_k7_HumanoidRootPart_Torso_Left_Leg.Parent = Torso_k7_HumanoidRootPart_Torso



--Right Arm
  Right_Arm_k7_HumanoidRootPart_Torso_Right_Arm = Instance.new("Pose")
Right_Arm_k7_HumanoidRootPart_Torso_Right_Arm.Name = "Right Arm"
Right_Arm_k7_HumanoidRootPart_Torso_Right_Arm.CFrame = cf(0.143872, 0.238283, -0.149817, -0.862971, -0.198318, 0.464705, 0.375550, -0.867055, 0.327381, 0.338000, 0.457040, 0.822722)
Right_Arm_k7_HumanoidRootPart_Torso_Right_Arm.Parent = Torso_k7_HumanoidRootPart_Torso



--Left Arm
  Left_Arm_k7_HumanoidRootPart_Torso_Left_Arm = Instance.new("Pose")
Left_Arm_k7_HumanoidRootPart_Torso_Left_Arm.Name = "Left Arm"
Left_Arm_k7_HumanoidRootPart_Torso_Left_Arm.CFrame = cf(-0.204035, 0.430099, -0.112722, -0.694812, 0.286222, -0.659783, -0.397341, -0.917444, 0.020437, -0.599464, 0.276359, 0.751178)
Left_Arm_k7_HumanoidRootPart_Torso_Left_Arm.Parent = Torso_k7_HumanoidRootPart_Torso



--Right Leg
  Right_Leg_k7_HumanoidRootPart_Torso_Right_Leg = Instance.new("Pose")
Right_Leg_k7_HumanoidRootPart_Torso_Right_Leg.Name = "Right Leg"
Right_Leg_k7_HumanoidRootPart_Torso_Right_Leg.CFrame = cf(0.059968, 0.293184, 0.206414, 0.910673, 0.183698, -0.370040, -0.104579, 0.969035, 0.223683, 0.399672, -0.165003, 0.901685)
Right_Leg_k7_HumanoidRootPart_Torso_Right_Leg.Parent = Torso_k7_HumanoidRootPart_Torso



--Head
  Head_k7_HumanoidRootPart_Torso_Head = Instance.new("Pose")
Head_k7_HumanoidRootPart_Torso_Head.Name = "Head"
Head_k7_HumanoidRootPart_Torso_Head.CFrame = cf(0.000000, -0.000000, -0.000000, 0.942805, 0.315781, 0.106775, -0.260576, 0.897926, -0.354724, -0.207891, 0.306612, 0.928854)
Head_k7_HumanoidRootPart_Torso_Head.Parent = Torso_k7_HumanoidRootPart_Torso



--left handle
  left_handle_k7_left_handle = Instance.new("Pose")
left_handle_k7_left_handle.Name = "left handle"
left_handle_k7_left_handle.CFrame = cf(0.577276, -0.158321, 3.863372, 0.935337, -0.305118, -0.179021, -0.325364, -0.940624, -0.096770, -0.138866, 0.148759, -0.979075)
left_handle_k7_left_handle.Parent = keyframe7



--right handle
  right_handle_k7_right_handle = Instance.new("Pose")
right_handle_k7_right_handle.Name = "right handle"
right_handle_k7_right_handle.CFrame = cf(-0.683143, -0.523567, 3.277587, 0.600641, -0.473674, 0.644099, 0.630368, -0.214981, -0.745935, 0.491799, 0.854059, 0.169462)
right_handle_k7_right_handle.Parent = keyframe7



-- Keyframe 8 (Time: 0.11666666716337204)
 keyframe8 = Instance.new("Keyframe")
keyframe8.Time = 0.11666666716337204
keyframe8.Parent = KeyframeSequence

--HumanoidRootPart
  HumanoidRootPart_k8_HumanoidRootPart = Instance.new("Pose")
HumanoidRootPart_k8_HumanoidRootPart.Name = "HumanoidRootPart"
HumanoidRootPart_k8_HumanoidRootPart.CFrame = cf(0.000000, 0.000000, 0.000000, 1.000000, 0.000000, 0.000000, 0.000000, 1.000000, 0.000000, 0.000000, 0.000000, 1.000000)
HumanoidRootPart_k8_HumanoidRootPart.Parent = keyframe8



--Torso
  Torso_k8_HumanoidRootPart_Torso = Instance.new("Pose")
Torso_k8_HumanoidRootPart_Torso.Name = "Torso"
Torso_k8_HumanoidRootPart_Torso.CFrame = cf(-0.044293, 0.149693, -0.332563, 0.937786, -0.343018, -0.053816, 0.345249, 0.904742, 0.249489, -0.036890, -0.252547, 0.966881)
Torso_k8_HumanoidRootPart_Torso.Parent = HumanoidRootPart_k8_HumanoidRootPart



--Left Leg
  Left_Leg_k8_HumanoidRootPart_Torso_Left_Leg = Instance.new("Pose")
Left_Leg_k8_HumanoidRootPart_Torso_Left_Leg.Name = "Left Leg"
Left_Leg_k8_HumanoidRootPart_Torso_Left_Leg.CFrame = cf(-0.123821, 0.311333, 0.113319, 0.835018, -0.549060, 0.035752, 0.510484, 0.797318, 0.322009, -0.205308, -0.250633, 0.946061)
Left_Leg_k8_HumanoidRootPart_Torso_Left_Leg.Parent = Torso_k8_HumanoidRootPart_Torso



--Right Arm
  Right_Arm_k8_HumanoidRootPart_Torso_Right_Arm = Instance.new("Pose")
Right_Arm_k8_HumanoidRootPart_Torso_Right_Arm.Name = "Right Arm"
Right_Arm_k8_HumanoidRootPart_Torso_Right_Arm.CFrame = cf(0.153075, 0.332534, -0.180664, -0.861785, -0.182143, 0.473446, 0.357031, -0.880790, 0.311027, 0.360355, 0.437073, 0.824082)
Right_Arm_k8_HumanoidRootPart_Torso_Right_Arm.Parent = Torso_k8_HumanoidRootPart_Torso



--Left Arm
  Left_Arm_k8_HumanoidRootPart_Torso_Left_Arm = Instance.new("Pose")
Left_Arm_k8_HumanoidRootPart_Torso_Left_Arm.Name = "Left Arm"
Left_Arm_k8_HumanoidRootPart_Torso_Left_Arm.CFrame = cf(-0.196395, 0.560833, -0.157682, -0.672113, 0.290314, -0.681162, -0.371505, -0.927980, -0.028939, -0.640506, 0.233605, 0.731560)
Left_Arm_k8_HumanoidRootPart_Torso_Left_Arm.Parent = Torso_k8_HumanoidRootPart_Torso



--Right Leg
  Right_Leg_k8_HumanoidRootPart_Torso_Right_Leg = Instance.new("Pose")
Right_Leg_k8_HumanoidRootPart_Torso_Right_Leg.Name = "Right Leg"
Right_Leg_k8_HumanoidRootPart_Torso_Right_Leg.CFrame = cf(0.054092, 0.281551, 0.200253, 0.922499, 0.168973, -0.347050, -0.083013, 0.964904, 0.249138, 0.376967, -0.201020, 0.904150)
Right_Leg_k8_HumanoidRootPart_Torso_Right_Leg.Parent = Torso_k8_HumanoidRootPart_Torso



--Head
  Head_k8_HumanoidRootPart_Torso_Head = Instance.new("Pose")
Head_k8_HumanoidRootPart_Torso_Head.Name = "Head"
Head_k8_HumanoidRootPart_Torso_Head.CFrame = cf(0.000000, -0.000000, 0.000000, 0.935664, 0.306646, 0.174648, -0.247828, 0.923304, -0.293413, -0.251227, 0.231253, 0.939897)
Head_k8_HumanoidRootPart_Torso_Head.Parent = Torso_k8_HumanoidRootPart_Torso



--left handle
  left_handle_k8_left_handle = Instance.new("Pose")
left_handle_k8_left_handle.Name = "left handle"
left_handle_k8_left_handle.CFrame = cf(0.602197, -0.147089, 4.046476, 0.916807, -0.365942, -0.159850, -0.382374, -0.919884, -0.087200, -0.115133, 0.141068, -0.983282)
left_handle_k8_left_handle.Parent = keyframe8



--right handle
  right_handle_k8_right_handle = Instance.new("Pose")
right_handle_k8_right_handle.Name = "right handle"
right_handle_k8_right_handle.CFrame = cf(-0.634473, -0.545470, 3.391290, 0.620596, -0.433998, 0.653075, 0.634719, -0.211006, -0.743376, 0.460426, 0.875855, 0.144517)
right_handle_k8_right_handle.Parent = keyframe8



-- Keyframe 9 (Time: 0.13333334028720856)
 keyframe9 = Instance.new("Keyframe")
keyframe9.Time = 0.13333334028720856
keyframe9.Parent = KeyframeSequence

--HumanoidRootPart
  HumanoidRootPart_k9_HumanoidRootPart = Instance.new("Pose")
HumanoidRootPart_k9_HumanoidRootPart.Name = "HumanoidRootPart"
HumanoidRootPart_k9_HumanoidRootPart.CFrame = cf(0.000000, 0.000000, 0.000000, 1.000000, 0.000000, 0.000000, 0.000000, 1.000000, 0.000000, 0.000000, 0.000000, 1.000000)
HumanoidRootPart_k9_HumanoidRootPart.Parent = keyframe9



--Torso
  Torso_k9_HumanoidRootPart_Torso = Instance.new("Pose")
Torso_k9_HumanoidRootPart_Torso.Name = "Torso"
Torso_k9_HumanoidRootPart_Torso.CFrame = cf(-0.018078, 0.144496, -0.298702, 0.941112, -0.329865, -0.074144, 0.337883, 0.909856, 0.240827, -0.011980, -0.251697, 0.967732)
Torso_k9_HumanoidRootPart_Torso.Parent = HumanoidRootPart_k9_HumanoidRootPart



--Left Leg
  Left_Leg_k9_HumanoidRootPart_Torso_Left_Leg = Instance.new("Pose")
Left_Leg_k9_HumanoidRootPart_Torso_Left_Leg.Name = "Left Leg"
Left_Leg_k9_HumanoidRootPart_Torso_Left_Leg.CFrame = cf(-0.071550, 0.264233, 0.116569, 0.835985, -0.545464, 0.059975, 0.510249, 0.812890, 0.280812, -0.201926, -0.204153, 0.957887)
Left_Leg_k9_HumanoidRootPart_Torso_Left_Leg.Parent = Torso_k9_HumanoidRootPart_Torso



--Right Arm
  Right_Arm_k9_HumanoidRootPart_Torso_Right_Arm = Instance.new("Pose")
Right_Arm_k9_HumanoidRootPart_Torso_Right_Arm.Name = "Right Arm"
Right_Arm_k9_HumanoidRootPart_Torso_Right_Arm.CFrame = cf(0.162450, 0.448015, -0.215127, -0.851933, -0.175375, 0.493410, 0.353853, -0.887370, 0.295570, 0.386002, 0.426401, 0.818037)
Right_Arm_k9_HumanoidRootPart_Torso_Right_Arm.Parent = Torso_k9_HumanoidRootPart_Torso



--Left Arm
  Left_Arm_k9_HumanoidRootPart_Torso_Left_Arm = Instance.new("Pose")
Left_Arm_k9_HumanoidRootPart_Torso_Left_Arm.Name = "Left Arm"
Left_Arm_k9_HumanoidRootPart_Torso_Left_Arm.CFrame = cf(-0.195202, 0.676818, -0.187738, -0.648384, 0.298548, -0.700334, -0.345375, -0.935143, -0.078890, -0.678465, 0.190726, 0.709443)
Left_Arm_k9_HumanoidRootPart_Torso_Left_Arm.Parent = Torso_k9_HumanoidRootPart_Torso



--Right Leg
  Right_Leg_k9_HumanoidRootPart_Torso_Right_Leg = Instance.new("Pose")
Right_Leg_k9_HumanoidRootPart_Torso_Right_Leg.Name = "Right Leg"
Right_Leg_k9_HumanoidRootPart_Torso_Right_Leg.CFrame = cf(0.054131, 0.279226, 0.203673, 0.929032, 0.165976, -0.330682, -0.068973, 0.955762, 0.285940, 0.363513, -0.242839, 0.899382)
Right_Leg_k9_HumanoidRootPart_Torso_Right_Leg.Parent = Torso_k9_HumanoidRootPart_Torso



--Head
  Head_k9_HumanoidRootPart_Torso_Head = Instance.new("Pose")
Head_k9_HumanoidRootPart_Torso_Head.Name = "Head"
Head_k9_HumanoidRootPart_Torso_Head.CFrame = cf(0.000000, -0.000000, -0.000000, 0.926529, 0.300156, 0.226827, -0.239766, 0.935697, -0.258811, -0.289925, 0.185411, 0.938918)
Head_k9_HumanoidRootPart_Torso_Head.Parent = Torso_k9_HumanoidRootPart_Torso



--left handle
  left_handle_k9_left_handle = Instance.new("Pose")
left_handle_k9_left_handle.Name = "left handle"
left_handle_k9_left_handle.CFrame = cf(0.605791, -0.124140, 4.208200, 0.899477, -0.414111, -0.139474, -0.427695, -0.899745, -0.086811, -0.089542, 0.137736, -0.986413)
left_handle_k9_left_handle.Parent = keyframe9



--right handle
  right_handle_k9_right_handle = Instance.new("Pose")
right_handle_k9_right_handle.Name = "right handle"
right_handle_k9_right_handle.CFrame = cf(-0.609087, -0.542138, 3.525421, 0.622784, -0.402461, 0.670943, 0.653659, -0.203622, -0.728882, 0.429965, 0.892504, 0.136259)
right_handle_k9_right_handle.Parent = keyframe9



-- Keyframe 10 (Time: 0.15000000596046448)
 keyframe10 = Instance.new("Keyframe")
keyframe10.Time = 0.15000000596046448
keyframe10.Parent = KeyframeSequence

--HumanoidRootPart
  HumanoidRootPart_k10_HumanoidRootPart = Instance.new("Pose")
HumanoidRootPart_k10_HumanoidRootPart.Name = "HumanoidRootPart"
HumanoidRootPart_k10_HumanoidRootPart.CFrame = cf(0.000000, 0.000000, 0.000000, 1.000000, 0.000000, 0.000000, 0.000000, 1.000000, 0.000000, 0.000000, 0.000000, 1.000000)
HumanoidRootPart_k10_HumanoidRootPart.Parent = keyframe10



--Torso
  Torso_k10_HumanoidRootPart_Torso = Instance.new("Pose")
Torso_k10_HumanoidRootPart_Torso.Name = "Torso"
Torso_k10_HumanoidRootPart_Torso.CFrame = cf(0.013108, 0.138574, -0.276053, 0.937377, -0.335699, -0.092906, 0.348250, 0.908505, 0.230957, 0.006874, -0.248848, 0.968518)
Torso_k10_HumanoidRootPart_Torso.Parent = HumanoidRootPart_k10_HumanoidRootPart



--Left Leg
  Left_Leg_k10_HumanoidRootPart_Torso_Left_Leg = Instance.new("Pose")
Left_Leg_k10_HumanoidRootPart_Torso_Left_Leg.Name = "Left Leg"
Left_Leg_k10_HumanoidRootPart_Torso_Left_Leg.CFrame = cf(-0.056353, 0.220122, 0.117143, 0.837079, -0.543241, 0.064718, 0.515584, 0.822906, 0.238744, -0.182952, -0.166480, 0.968924)
Left_Leg_k10_HumanoidRootPart_Torso_Left_Leg.Parent = Torso_k10_HumanoidRootPart_Torso



--Right Arm
  Right_Arm_k10_HumanoidRootPart_Torso_Right_Arm = Instance.new("Pose")
Right_Arm_k10_HumanoidRootPart_Torso_Right_Arm.Name = "Right Arm"
Right_Arm_k10_HumanoidRootPart_Torso_Right_Arm.CFrame = cf(0.165984, 0.551583, -0.238502, -0.836498, -0.176093, 0.518905, 0.361324, -0.889179, 0.280724, 0.411966, 0.422318, 0.807423)
Right_Arm_k10_HumanoidRootPart_Torso_Right_Arm.Parent = Torso_k10_HumanoidRootPart_Torso



--Left Arm
  Left_Arm_k10_HumanoidRootPart_Torso_Left_Arm = Instance.new("Pose")
Left_Arm_k10_HumanoidRootPart_Torso_Left_Arm.Name = "Left Arm"
Left_Arm_k10_HumanoidRootPart_Torso_Left_Arm.CFrame = cf(-0.193139, 0.733623, -0.190599, -0.624278, 0.313106, -0.715710, -0.326255, -0.936939, -0.125313, -0.709813, 0.155274, 0.687063)
Left_Arm_k10_HumanoidRootPart_Torso_Left_Arm.Parent = Torso_k10_HumanoidRootPart_Torso



--Right Leg
  Right_Leg_k10_HumanoidRootPart_Torso_Right_Leg = Instance.new("Pose")
Right_Leg_k10_HumanoidRootPart_Torso_Right_Leg.Name = "Right Leg"
Right_Leg_k10_HumanoidRootPart_Torso_Right_Leg.CFrame = cf(0.040304, 0.285684, 0.210696, 0.927794, 0.170560, -0.331825, -0.057988, 0.944503, 0.323344, 0.368559, -0.280754, 0.886195)
Right_Leg_k10_HumanoidRootPart_Torso_Right_Leg.Parent = Torso_k10_HumanoidRootPart_Torso



--Head
  Head_k10_HumanoidRootPart_Torso_Head = Instance.new("Pose")
Head_k10_HumanoidRootPart_Torso_Head.Name = "Head"
Head_k10_HumanoidRootPart_Torso_Head.CFrame = cf(0.000000, -0.000000, -0.000000, 0.915698, 0.309550, 0.256275, -0.241824, 0.933767, -0.263817, -0.320965, 0.179604, 0.929905)
Head_k10_HumanoidRootPart_Torso_Head.Parent = Torso_k10_HumanoidRootPart_Torso



--left handle
  left_handle_k10_left_handle = Instance.new("Pose")
left_handle_k10_left_handle.Name = "left handle"
left_handle_k10_left_handle.CFrame = cf(0.567491, -0.096467, 4.290308, 0.890565, -0.439839, -0.115917, -0.450943, -0.887110, -0.098418, -0.059543, 0.139920, -0.988371)
left_handle_k10_left_handle.Parent = keyframe10



--right handle
  right_handle_k10_right_handle = Instance.new("Pose")
right_handle_k10_right_handle.Name = "right handle"
right_handle_k10_right_handle.CFrame = cf(-0.596545, -0.507388, 3.645098, 0.602675, -0.381343, 0.700971, 0.687273, -0.198336, -0.698798, 0.405509, 0.902907, 0.142555)
right_handle_k10_right_handle.Parent = keyframe10



-- Keyframe 11 (Time: 0.1666666716337204)
 keyframe11 = Instance.new("Keyframe")
keyframe11.Time = 0.1666666716337204
keyframe11.Parent = KeyframeSequence

--HumanoidRootPart
  HumanoidRootPart_k11_HumanoidRootPart = Instance.new("Pose")
HumanoidRootPart_k11_HumanoidRootPart.Name = "HumanoidRootPart"
HumanoidRootPart_k11_HumanoidRootPart.CFrame = cf(0.000000, 0.000000, 0.000000, 1.000000, 0.000000, 0.000000, 0.000000, 1.000000, 0.000000, 0.000000, 0.000000, 1.000000)
HumanoidRootPart_k11_HumanoidRootPart.Parent = keyframe11



--Torso
  Torso_k11_HumanoidRootPart_Torso = Instance.new("Pose")
Torso_k11_HumanoidRootPart_Torso.Name = "Torso"
Torso_k11_HumanoidRootPart_Torso.CFrame = cf(0.024401, 0.132501, -0.263417, 0.929757, -0.352142, -0.107461, 0.367667, 0.903356, 0.220836, 0.019310, -0.244833, 0.969373)
Torso_k11_HumanoidRootPart_Torso.Parent = HumanoidRootPart_k11_HumanoidRootPart



--Left Leg
  Left_Leg_k11_HumanoidRootPart_Torso_Left_Leg = Instance.new("Pose")
Left_Leg_k11_HumanoidRootPart_Torso_Left_Leg.Name = "Left Leg"
Left_Leg_k11_HumanoidRootPart_Torso_Left_Leg.CFrame = cf(-0.064730, 0.189674, 0.114663, 0.841725, -0.537237, 0.053631, 0.516246, 0.829941, 0.211397, -0.158081, -0.150251, 0.975928)
Left_Leg_k11_HumanoidRootPart_Torso_Left_Leg.Parent = Torso_k11_HumanoidRootPart_Torso



--Right Arm
  Right_Arm_k11_HumanoidRootPart_Torso_Right_Arm = Instance.new("Pose")
Right_Arm_k11_HumanoidRootPart_Torso_Right_Arm.Name = "Right Arm"
Right_Arm_k11_HumanoidRootPart_Torso_Right_Arm.CFrame = cf(0.157235, 0.601495, -0.242731, -0.820736, -0.176120, 0.543483, 0.367319, -0.891284, 0.265876, 0.437572, 0.417845, 0.796201)
Right_Arm_k11_HumanoidRootPart_Torso_Right_Arm.Parent = Torso_k11_HumanoidRootPart_Torso



--Left Arm
  Left_Arm_k11_HumanoidRootPart_Torso_Left_Arm = Instance.new("Pose")
Left_Arm_k11_HumanoidRootPart_Torso_Left_Arm.Name = "Left Arm"
Left_Arm_k11_HumanoidRootPart_Torso_Left_Arm.CFrame = cf(-0.183081, 0.746071, -0.182860, -0.600944, 0.331731, -0.727200, -0.316168, -0.934260, -0.164913, -0.734101, 0.130814, 0.666321)
Left_Arm_k11_HumanoidRootPart_Torso_Left_Arm.Parent = Torso_k11_HumanoidRootPart_Torso



--Right Leg
  Right_Leg_k11_HumanoidRootPart_Torso_Right_Leg = Instance.new("Pose")
Right_Leg_k11_HumanoidRootPart_Torso_Right_Leg.Name = "Right Leg"
Right_Leg_k11_HumanoidRootPart_Torso_Right_Leg.CFrame = cf(0.016957, 0.295847, 0.216459, 0.921834, 0.174686, -0.345987, -0.047830, 0.937122, 0.345708, 0.384622, -0.302136, 0.872227)
Right_Leg_k11_HumanoidRootPart_Torso_Right_Leg.Parent = Torso_k11_HumanoidRootPart_Torso



--Head
  Head_k11_HumanoidRootPart_Torso_Head = Instance.new("Pose")
Head_k11_HumanoidRootPart_Torso_Head.Name = "Head"
Head_k11_HumanoidRootPart_Torso_Head.CFrame = cf(0.000000, -0.000000, 0.000000, 0.903333, 0.329426, 0.274714, -0.254414, 0.927119, -0.275181, -0.345344, 0.178689, 0.921308)
Head_k11_HumanoidRootPart_Torso_Head.Parent = Torso_k11_HumanoidRootPart_Torso



--left handle
  left_handle_k11_left_handle = Instance.new("Pose")
left_handle_k11_left_handle.Name = "left handle"
left_handle_k11_left_handle.CFrame = cf(0.533460, -0.068341, 4.308646, 0.887800, -0.450666, -0.093335, -0.459313, -0.880414, -0.117912, -0.029034, 0.147552, -0.988628)
left_handle_k11_left_handle.Parent = keyframe11



--right handle
  right_handle_k11_right_handle = Instance.new("Pose")
right_handle_k11_right_handle.Name = "right handle"
right_handle_k11_right_handle.CFrame = cf(-0.558243, -0.456227, 3.703539, 0.571509, -0.363445, 0.735721, 0.724391, -0.197777, -0.660410, 0.385531, 0.910380, 0.150245)
right_handle_k11_right_handle.Parent = keyframe11



-- Keyframe 12 (Time: 0.18333333730697632)
 keyframe12 = Instance.new("Keyframe")
keyframe12.Time = 0.18333333730697632
keyframe12.Parent = KeyframeSequence

--HumanoidRootPart
  HumanoidRootPart_k12_HumanoidRootPart = Instance.new("Pose")
