-- KeyframeSequence Export: Heart Of Glass_Loop_88069821396817
-- Generated on 2026-04-26 21:50:31

local KeyframeSequence = Instance.new("KeyframeSequence")
KeyframeSequence.Name = "Heart Of Glass_Loop_88069821396817"
local cf=CFrame.new

-- Keyframe 1 (Time: 0)
 keyframe1 = Instance.new("Keyframe")
keyframe1.Time = 0
keyframe1.Parent = KeyframeSequence

--HumanoidRootPart
HumanoidRootPart_k1_HumanoidRootPart = Instance.new("Pose")
HumanoidRootPart_k1_HumanoidRootPart.Name = "HumanoidRootPart"
HumanoidRootPart_k1_HumanoidRootPart.CFrame = cf(0.000000, 0.000000, 0.000000, 1.000000, 0.000000, 0.000000, 0.000000, 1.000000, 0.000000, 0.000000, 0.000000, 1.000000)
HumanoidRootPart_k1_HumanoidRootPart.Parent = keyframe1



--Torso
Torso_k1_HumanoidRootPart_Torso = Instance.new("Pose")
Torso_k1_HumanoidRootPart_Torso.Name = "Torso"
Torso_k1_HumanoidRootPart_Torso.CFrame = cf(0.770154, -0.050824, -0.248951, 0.987591, 0.149793, -0.047183, -0.152624, 0.986240, -0.063530, 0.037017, 0.069943, 0.996864)
Torso_k1_HumanoidRootPart_Torso.Parent = HumanoidRootPart_k1_HumanoidRootPart



--Left Leg
Left_Leg_k1_HumanoidRootPart_Torso_Left_Leg = Instance.new("Pose")
Left_Leg_k1_HumanoidRootPart_Torso_Left_Leg.Name = "Left Leg"
Left_Leg_k1_HumanoidRootPart_Torso_Left_Leg.CFrame = cf(-0.642354, 0.104262, -0.025568, 0.940172, -0.337216, -0.048605, 0.335250, 0.941085, -0.044354, 0.060698, 0.025406, 0.997833)
Left_Leg_k1_HumanoidRootPart_Torso_Left_Leg.Parent = Torso_k1_HumanoidRootPart_Torso



--Right Leg
Right_Leg_k1_HumanoidRootPart_Torso_Right_Leg = Instance.new("Pose")
Right_Leg_k1_HumanoidRootPart_Torso_Right_Leg.Name = "Right Leg"
Right_Leg_k1_HumanoidRootPart_Torso_Right_Leg.CFrame = cf(0.140856, -0.234509, 0.209969, 0.534882, 0.607430, -0.587307, -0.767521, 0.639948, -0.037134, 0.353290, 0.470633, 0.808512)
Right_Leg_k1_HumanoidRootPart_Torso_Right_Leg.Parent = Torso_k1_HumanoidRootPart_Torso



--Head
Head_k1_HumanoidRootPart_Torso_Head = Instance.new("Pose")
Head_k1_HumanoidRootPart_Torso_Head.Name = "Head"
Head_k1_HumanoidRootPart_Torso_Head.CFrame = cf(0.000000, 0.000000, -0.000000, 0.990647, -0.135995, 0.011121, 0.135959, 0.976900, -0.164870, 0.011557, 0.164840, 0.986253)
Head_k1_HumanoidRootPart_Torso_Head.Parent = Torso_k1_HumanoidRootPart_Torso



--Right Arm
Right_Arm_k1_HumanoidRootPart_Torso_Right_Arm = Instance.new("Pose")
Right_Arm_k1_HumanoidRootPart_Torso_Right_Arm.Name = "Right Arm"
Right_Arm_k1_HumanoidRootPart_Torso_Right_Arm.CFrame = cf(0.164613, -1.090883, 0.166101, -0.645715, -0.631506, 0.429247, 0.749726, -0.417746, 0.513224, -0.144788, 0.653213, 0.743202)
Right_Arm_k1_HumanoidRootPart_Torso_Right_Arm.Parent = Torso_k1_HumanoidRootPart_Torso



--Left Arm
Left_Arm_k1_HumanoidRootPart_Torso_Left_Arm = Instance.new("Pose")
Left_Arm_k1_HumanoidRootPart_Torso_Left_Arm.Name = "Left Arm"
Left_Arm_k1_HumanoidRootPart_Torso_Left_Arm.CFrame = cf(0.294474, -0.082122, 0.285342, 0.377192, -0.477273, 0.793686, -0.402212, 0.687533, 0.604586, -0.834237, -0.547275, 0.067367)
Left_Arm_k1_HumanoidRootPart_Torso_Left_Arm.Parent = Torso_k1_HumanoidRootPart_Torso



--BlendSojournProp2
BlendSojournProp2_k1_HumanoidRootPart_BlendSojournProp2 = Instance.new("Pose")
BlendSojournProp2_k1_HumanoidRootPart_BlendSojournProp2.Name = "BlendSojournProp2"
BlendSojournProp2_k1_HumanoidRootPart_BlendSojournProp2.CFrame = cf(2.699999, 0.600000, 4.900001, 1.000000, 0.000000, -0.000000, -0.000000, 0.984808, -0.173648, 0.000000, 0.173648, 0.984808)
BlendSojournProp2_k1_HumanoidRootPart_BlendSojournProp2.Parent = HumanoidRootPart_k1_HumanoidRootPart



--BlendSojournProp3
BlendSojournProp3_k1_HumanoidRootPart_BlendSojournProp3 = Instance.new("Pose")
BlendSojournProp3_k1_HumanoidRootPart_BlendSojournProp3.Name = "BlendSojournProp3"
BlendSojournProp3_k1_HumanoidRootPart_BlendSojournProp3.CFrame = cf(0.499999, -1.800000, 3.000001, 1.000000, 0.000000, 0.000000, -0.000000, 0.992546, -0.121869, -0.000000, 0.121869, 0.992546)
BlendSojournProp3_k1_HumanoidRootPart_BlendSojournProp3.Parent = HumanoidRootPart_k1_HumanoidRootPart



--BlendSojournProp1
BlendSojournProp1_k1_HumanoidRootPart_BlendSojournProp1 = Instance.new("Pose")
BlendSojournProp1_k1_HumanoidRootPart_BlendSojournProp1.Name = "BlendSojournProp1"
BlendSojournProp1_k1_HumanoidRootPart_BlendSojournProp1.CFrame = cf(3.299998, 1.100000, -2.500000, 1.000000, 0.000000, 0.000000, 0.000000, 0.996195, -0.087149, 0.000000, 0.087149, 0.996195)
BlendSojournProp1_k1_HumanoidRootPart_BlendSojournProp1.Parent = HumanoidRootPart_k1_HumanoidRootPart



-- Keyframe 2 (Time: 0.03333333507180214)
 keyframe2 = Instance.new("Keyframe")
keyframe2.Time = 0.03333333507180214
keyframe2.Parent = KeyframeSequence

--HumanoidRootPart
HumanoidRootPart_k2_HumanoidRootPart = Instance.new("Pose")
HumanoidRootPart_k2_HumanoidRootPart.Name = "HumanoidRootPart"
HumanoidRootPart_k2_HumanoidRootPart.CFrame = cf(0.000000, 0.000000, 0.000000, 1.000000, 0.000000, 0.000000, 0.000000, 1.000000, 0.000000, 0.000000, 0.000000, 1.000000)
HumanoidRootPart_k2_HumanoidRootPart.Parent = keyframe2



--Torso
Torso_k2_HumanoidRootPart_Torso = Instance.new("Pose")
Torso_k2_HumanoidRootPart_Torso.Name = "Torso"
Torso_k2_HumanoidRootPart_Torso.CFrame = cf(0.770154, -0.050824, -0.248951, 0.987591, 0.149793, -0.047183, -0.152624, 0.986240, -0.063530, 0.037017, 0.069943, 0.996864)
Torso_k2_HumanoidRootPart_Torso.Parent = HumanoidRootPart_k2_HumanoidRootPart



--Left Leg
Left_Leg_k2_HumanoidRootPart_Torso_Left_Leg = Instance.new("Pose")
Left_Leg_k2_HumanoidRootPart_Torso_Left_Leg.Name = "Left Leg"
Left_Leg_k2_HumanoidRootPart_Torso_Left_Leg.CFrame = cf(-0.642354, 0.104262, -0.025568, 0.940172, -0.337216, -0.048605, 0.335250, 0.941085, -0.044354, 0.060698, 0.025406, 0.997833)
Left_Leg_k2_HumanoidRootPart_Torso_Left_Leg.Parent = Torso_k2_HumanoidRootPart_Torso



--Right Leg
Right_Leg_k2_HumanoidRootPart_Torso_Right_Leg = Instance.new("Pose")
Right_Leg_k2_HumanoidRootPart_Torso_Right_Leg.Name = "Right Leg"
Right_Leg_k2_HumanoidRootPart_Torso_Right_Leg.CFrame = cf(0.140856, -0.234509, 0.209969, 0.534882, 0.607430, -0.587307, -0.767521, 0.639948, -0.037134, 0.353290, 0.470633, 0.808512)
Right_Leg_k2_HumanoidRootPart_Torso_Right_Leg.Parent = Torso_k2_HumanoidRootPart_Torso



--Head
Head_k2_HumanoidRootPart_Torso_Head = Instance.new("Pose")
Head_k2_HumanoidRootPart_Torso_Head.Name = "Head"
Head_k2_HumanoidRootPart_Torso_Head.CFrame = cf(0.000000, 0.000000, -0.000000, 0.990647, -0.135995, 0.011121, 0.135959, 0.976900, -0.164870, 0.011557, 0.164840, 0.986253)
Head_k2_HumanoidRootPart_Torso_Head.Parent = Torso_k2_HumanoidRootPart_Torso



--Right Arm
Right_Arm_k2_HumanoidRootPart_Torso_Right_Arm = Instance.new("Pose")
Right_Arm_k2_HumanoidRootPart_Torso_Right_Arm.Name = "Right Arm"
Right_Arm_k2_HumanoidRootPart_Torso_Right_Arm.CFrame = cf(0.164613, -1.090883, 0.166101, -0.645715, -0.631506, 0.429247, 0.749726, -0.417746, 0.513224, -0.144788, 0.653213, 0.743202)
Right_Arm_k2_HumanoidRootPart_Torso_Right_Arm.Parent = Torso_k2_HumanoidRootPart_Torso



--Left Arm
Left_Arm_k2_HumanoidRootPart_Torso_Left_Arm = Instance.new("Pose")
Left_Arm_k2_HumanoidRootPart_Torso_Left_Arm.Name = "Left Arm"
Left_Arm_k2_HumanoidRootPart_Torso_Left_Arm.CFrame = cf(0.294474, -0.082122, 0.285342, 0.377192, -0.477273, 0.793686, -0.402212, 0.687533, 0.604586, -0.834237, -0.547275, 0.067367)
Left_Arm_k2_HumanoidRootPart_Torso_Left_Arm.Parent = Torso_k2_HumanoidRootPart_Torso



-- Keyframe 3 (Time: 0.06666667014360428)
 keyframe3 = Instance.new("Keyframe")
keyframe3.Time = 0.06666667014360428
keyframe3.Parent = KeyframeSequence

--HumanoidRootPart
HumanoidRootPart_k3_HumanoidRootPart = Instance.new("Pose")
HumanoidRootPart_k3_HumanoidRootPart.Name = "HumanoidRootPart"
HumanoidRootPart_k3_HumanoidRootPart.CFrame = cf(0.000000, 0.000000, 0.000000, 1.000000, 0.000000, 0.000000, 0.000000, 1.000000, 0.000000, 0.000000, 0.000000, 1.000000)
HumanoidRootPart_k3_HumanoidRootPart.Parent = keyframe3



--Torso
Torso_k3_HumanoidRootPart_Torso = Instance.new("Pose")
Torso_k3_HumanoidRootPart_Torso.Name = "Torso"
Torso_k3_HumanoidRootPart_Torso.CFrame = cf(0.770154, -0.050824, -0.248951, 0.987591, 0.149793, -0.047183, -0.152624, 0.986240, -0.063530, 0.037017, 0.069943, 0.996864)
Torso_k3_HumanoidRootPart_Torso.Parent = HumanoidRootPart_k3_HumanoidRootPart



--Left Leg
Left_Leg_k3_HumanoidRootPart_Torso_Left_Leg = Instance.new("Pose")
Left_Leg_k3_HumanoidRootPart_Torso_Left_Leg.Name = "Left Leg"
Left_Leg_k3_HumanoidRootPart_Torso_Left_Leg.CFrame = cf(-0.642354, 0.104262, -0.025568, 0.940172, -0.337216, -0.048605, 0.335250, 0.941085, -0.044354, 0.060698, 0.025406, 0.997833)
Left_Leg_k3_HumanoidRootPart_Torso_Left_Leg.Parent = Torso_k3_HumanoidRootPart_Torso



--Right Leg
Right_Leg_k3_HumanoidRootPart_Torso_Right_Leg = Instance.new("Pose")
Right_Leg_k3_HumanoidRootPart_Torso_Right_Leg.Name = "Right Leg"
Right_Leg_k3_HumanoidRootPart_Torso_Right_Leg.CFrame = cf(0.140856, -0.234509, 0.209969, 0.534882, 0.607430, -0.587307, -0.767521, 0.639948, -0.037134, 0.353290, 0.470633, 0.808512)
Right_Leg_k3_HumanoidRootPart_Torso_Right_Leg.Parent = Torso_k3_HumanoidRootPart_Torso



--Head
Head_k3_HumanoidRootPart_Torso_Head = Instance.new("Pose")
Head_k3_HumanoidRootPart_Torso_Head.Name = "Head"
Head_k3_HumanoidRootPart_Torso_Head.CFrame = cf(0.000000, 0.000000, -0.000000, 0.990647, -0.135995, 0.011121, 0.135959, 0.976900, -0.164870, 0.011557, 0.164840, 0.986253)
Head_k3_HumanoidRootPart_Torso_Head.Parent = Torso_k3_HumanoidRootPart_Torso



--Right Arm
Right_Arm_k3_HumanoidRootPart_Torso_Right_Arm = Instance.new("Pose")
Right_Arm_k3_HumanoidRootPart_Torso_Right_Arm.Name = "Right Arm"
Right_Arm_k3_HumanoidRootPart_Torso_Right_Arm.CFrame = cf(0.164613, -1.090883, 0.166101, -0.645715, -0.631506, 0.429247, 0.749726, -0.417746, 0.513224, -0.144788, 0.653213, 0.743202)
Right_Arm_k3_HumanoidRootPart_Torso_Right_Arm.Parent = Torso_k3_HumanoidRootPart_Torso



--Left Arm
Left_Arm_k3_HumanoidRootPart_Torso_Left_Arm = Instance.new("Pose")
Left_Arm_k3_HumanoidRootPart_Torso_Left_Arm.Name = "Left Arm"
Left_Arm_k3_HumanoidRootPart_Torso_Left_Arm.CFrame = cf(0.294474, -0.082122, 0.285342, 0.377192, -0.477273, 0.793686, -0.402212, 0.687533, 0.604586, -0.834237, -0.547275, 0.067367)
Left_Arm_k3_HumanoidRootPart_Torso_Left_Arm.Parent = Torso_k3_HumanoidRootPart_Torso



-- Keyframe 4 (Time: 0.10000000149011612)
 keyframe4 = Instance.new("Keyframe")
keyframe4.Time = 0.10000000149011612
keyframe4.Parent = KeyframeSequence

--HumanoidRootPart
HumanoidRootPart_k4_HumanoidRootPart = Instance.new("Pose")
HumanoidRootPart_k4_HumanoidRootPart.Name = "HumanoidRootPart"
HumanoidRootPart_k4_HumanoidRootPart.CFrame = cf(0.000000, 0.000000, 0.000000, 1.000000, 0.000000, 0.000000, 0.000000, 1.000000, 0.000000, 0.000000, 0.000000, 1.000000)
HumanoidRootPart_k4_HumanoidRootPart.Parent = keyframe4



--Torso
Torso_k4_HumanoidRootPart_Torso = Instance.new("Pose")
Torso_k4_HumanoidRootPart_Torso.Name = "Torso"
Torso_k4_HumanoidRootPart_Torso.CFrame = cf(0.770154, -0.050824, -0.248951, 0.987591, 0.149793, -0.047183, -0.152624, 0.986240, -0.063530, 0.037017, 0.069943, 0.996864)
Torso_k4_HumanoidRootPart_Torso.Parent = HumanoidRootPart_k4_HumanoidRootPart



--Left Leg
Left_Leg_k4_HumanoidRootPart_Torso_Left_Leg = Instance.new("Pose")
Left_Leg_k4_HumanoidRootPart_Torso_Left_Leg.Name = "Left Leg"
Left_Leg_k4_HumanoidRootPart_Torso_Left_Leg.CFrame = cf(-0.642354, 0.104262, -0.025568, 0.940172, -0.337216, -0.048605, 0.335250, 0.941085, -0.044354, 0.060698, 0.025406, 0.997833)
Left_Leg_k4_HumanoidRootPart_Torso_Left_Leg.Parent = Torso_k4_HumanoidRootPart_Torso



--Right Leg
Right_Leg_k4_HumanoidRootPart_Torso_Right_Leg = Instance.new("Pose")
Right_Leg_k4_HumanoidRootPart_Torso_Right_Leg.Name = "Right Leg"
Right_Leg_k4_HumanoidRootPart_Torso_Right_Leg.CFrame = cf(0.140856, -0.234509, 0.209969, 0.534882, 0.607430, -0.587307, -0.767521, 0.639948, -0.037134, 0.353290, 0.470633, 0.808512)
Right_Leg_k4_HumanoidRootPart_Torso_Right_Leg.Parent = Torso_k4_HumanoidRootPart_Torso



--Head
Head_k4_HumanoidRootPart_Torso_Head = Instance.new("Pose")
Head_k4_HumanoidRootPart_Torso_Head.Name = "Head"
Head_k4_HumanoidRootPart_Torso_Head.CFrame = cf(0.000000, 0.000000, -0.000000, 0.990647, -0.135995, 0.011121, 0.135959, 0.976900, -0.164870, 0.011557, 0.164840, 0.986253)
Head_k4_HumanoidRootPart_Torso_Head.Parent = Torso_k4_HumanoidRootPart_Torso



--Right Arm
Right_Arm_k4_HumanoidRootPart_Torso_Right_Arm = Instance.new("Pose")
Right_Arm_k4_HumanoidRootPart_Torso_Right_Arm.Name = "Right Arm"
Right_Arm_k4_HumanoidRootPart_Torso_Right_Arm.CFrame = cf(0.164613, -1.090883, 0.166101, -0.645715, -0.631506, 0.429247, 0.749726, -0.417746, 0.513224, -0.144788, 0.653213, 0.743202)
Right_Arm_k4_HumanoidRootPart_Torso_Right_Arm.Parent = Torso_k4_HumanoidRootPart_Torso



--Left Arm
Left_Arm_k4_HumanoidRootPart_Torso_Left_Arm = Instance.new("Pose")
Left_Arm_k4_HumanoidRootPart_Torso_Left_Arm.Name = "Left Arm"
Left_Arm_k4_HumanoidRootPart_Torso_Left_Arm.CFrame = cf(0.294474, -0.082122, 0.285342, 0.377192, -0.477273, 0.793686, -0.402212, 0.687533, 0.604586, -0.834237, -0.547275, 0.067367)
Left_Arm_k4_HumanoidRootPart_Torso_Left_Arm.Parent = Torso_k4_HumanoidRootPart_Torso



-- Keyframe 5 (Time: 0.13333334028720856)
 keyframe5 = Instance.new("Keyframe")
keyframe5.Time = 0.13333334028720856
keyframe5.Parent = KeyframeSequence

--HumanoidRootPart
HumanoidRootPart_k5_HumanoidRootPart = Instance.new("Pose")
HumanoidRootPart_k5_HumanoidRootPart.Name = "HumanoidRootPart"
HumanoidRootPart_k5_HumanoidRootPart.CFrame = cf(0.000000, 0.000000, 0.000000, 1.000000, 0.000000, 0.000000, 0.000000, 1.000000, 0.000000, 0.000000, 0.000000, 1.000000)
HumanoidRootPart_k5_HumanoidRootPart.Parent = keyframe5



--Torso
Torso_k5_HumanoidRootPart_Torso = Instance.new("Pose")
Torso_k5_HumanoidRootPart_Torso.Name = "Torso"
Torso_k5_HumanoidRootPart_Torso.CFrame = cf(-0.073764, 0.063845, -0.187234, 0.971607, 0.236573, 0.003596, -0.236099, 0.968446, 0.079807, 0.015398, -0.078390, 0.996804)
Torso_k5_HumanoidRootPart_Torso.Parent = HumanoidRootPart_k5_HumanoidRootPart



--Left Leg
Left_Leg_k5_HumanoidRootPart_Torso_Left_Leg = Instance.new("Pose")
Left_Leg_k5_HumanoidRootPart_Torso_Left_Leg.Name = "Left Leg"
Left_Leg_k5_HumanoidRootPart_Torso_Left_Leg.CFrame = cf(-0.532835, 0.030792, -0.047752, 0.873198, -0.477934, -0.095417, 0.487346, 0.857995, 0.162293, 0.004302, -0.188215, 0.982118)
Left_Leg_k5_HumanoidRootPart_Torso_Left_Leg.Parent = Torso_k5_HumanoidRootPart_Torso



--Right Leg
Right_Leg_k5_HumanoidRootPart_Torso_Right_Leg = Instance.new("Pose")
Right_Leg_k5_HumanoidRootPart_Torso_Right_Leg.Name = "Right Leg"
Right_Leg_k5_HumanoidRootPart_Torso_Right_Leg.CFrame = cf(0.323013, 0.244143, -0.021650, 0.984768, 0.145208, -0.095641, -0.103996, 0.932711, 0.345304, 0.139346, -0.330098, 0.933605)
Right_Leg_k5_HumanoidRootPart_Torso_Right_Leg.Parent = Torso_k5_HumanoidRootPart_Torso



--Head
Head_k5_HumanoidRootPart_Torso_Head = Instance.new("Pose")
Head_k5_HumanoidRootPart_Torso_Head.Name = "Head"
Head_k5_HumanoidRootPart_Torso_Head.CFrame = cf(0.000000, -0.000000, 0.000000, 0.992051, -0.123996, -0.021426, 0.122008, 0.989510, -0.077350, 0.030793, 0.074121, 0.996774)
Head_k5_HumanoidRootPart_Torso_Head.Parent = Torso_k5_HumanoidRootPart_Torso



--Right Arm
Right_Arm_k5_HumanoidRootPart_Torso_Right_Arm = Instance.new("Pose")
Right_Arm_k5_HumanoidRootPart_Torso_Right_Arm.Name = "Right Arm"
Right_Arm_k5_HumanoidRootPart_Torso_Right_Arm.CFrame = cf(0.630129, -1.005534, 0.209427, -0.526853, -0.351643, 0.773804, 0.763024, -0.596766, 0.248322, 0.374459, 0.721261, 0.582720)
Right_Arm_k5_HumanoidRootPart_Torso_Right_Arm.Parent = Torso_k5_HumanoidRootPart_Torso



--Left Arm
Left_Arm_k5_HumanoidRootPart_Torso_Left_Arm = Instance.new("Pose")
Left_Arm_k5_HumanoidRootPart_Torso_Left_Arm.Name = "Left Arm"
Left_Arm_k5_HumanoidRootPart_Torso_Left_Arm.CFrame = cf(0.292755, -0.026923, 0.296947, 0.634474, -0.512655, 0.578470, -0.392299, 0.431263, 0.812474, -0.665992, -0.742427, 0.072511)
Left_Arm_k5_HumanoidRootPart_Torso_Left_Arm.Parent = Torso_k5_HumanoidRootPart_Torso



-- Keyframe 6 (Time: 0.1666666716337204)
 keyframe6 = Instance.new("Keyframe")
keyframe6.Time = 0.1666666716337204
keyframe6.Parent = KeyframeSequence

--HumanoidRootPart
HumanoidRootPart_k6_HumanoidRootPart = Instance.new("Pose")
HumanoidRootPart_k6_HumanoidRootPart.Name = "HumanoidRootPart"
HumanoidRootPart_k6_HumanoidRootPart.CFrame = cf(0.000000, 0.000000, 0.000000, 1.000000, 0.000000, 0.000000, 0.000000, 1.000000, 0.000000, 0.000000, 0.000000, 1.000000)
HumanoidRootPart_k6_HumanoidRootPart.Parent = keyframe6



--Torso
Torso_k6_HumanoidRootPart_Torso = Instance.new("Pose")
Torso_k6_HumanoidRootPart_Torso.Name = "Torso"
Torso_k6_HumanoidRootPart_Torso.CFrame = cf(-0.073764, 0.063845, -0.187234, 0.971607, 0.236573, 0.003596, -0.236099, 0.968446, 0.079807, 0.015398, -0.078390, 0.996804)
Torso_k6_HumanoidRootPart_Torso.Parent = HumanoidRootPart_k6_HumanoidRootPart



--Left Leg
Left_Leg_k6_HumanoidRootPart_Torso_Left_Leg = Instance.new("Pose")
Left_Leg_k6_HumanoidRootPart_Torso_Left_Leg.Name = "Left Leg"
Left_Leg_k6_HumanoidRootPart_Torso_Left_Leg.CFrame = cf(-0.532835, 0.030792, -0.047752, 0.873198, -0.477934, -0.095417, 0.487346, 0.857995, 0.162293, 0.004302, -0.188215, 0.982118)
Left_Leg_k6_HumanoidRootPart_Torso_Left_Leg.Parent = Torso_k6_HumanoidRootPart_Torso



--Right Leg
Right_Leg_k6_HumanoidRootPart_Torso_Right_Leg = Instance.new("Pose")
Right_Leg_k6_HumanoidRootPart_Torso_Right_Leg.Name = "Right Leg"
Right_Leg_k6_HumanoidRootPart_Torso_Right_Leg.CFrame = cf(0.323013, 0.244143, -0.021650, 0.984768, 0.145208, -0.095641, -0.103996, 0.932711, 0.345304, 0.139346, -0.330098, 0.933605)
Right_Leg_k6_HumanoidRootPart_Torso_Right_Leg.Parent = Torso_k6_HumanoidRootPart_Torso



--Head
Head_k6_HumanoidRootPart_Torso_Head = Instance.new("Pose")
Head_k6_HumanoidRootPart_Torso_Head.Name = "Head"
Head_k6_HumanoidRootPart_Torso_Head.CFrame = cf(0.000000, -0.000000, 0.000000, 0.992051, -0.123996, -0.021426, 0.122008, 0.989510, -0.077350, 0.030793, 0.074121, 0.996774)
Head_k6_HumanoidRootPart_Torso_Head.Parent = Torso_k6_HumanoidRootPart_Torso



--Right Arm
Right_Arm_k6_HumanoidRootPart_Torso_Right_Arm = Instance.new("Pose")
Right_Arm_k6_HumanoidRootPart_Torso_Right_Arm.Name = "Right Arm"
Right_Arm_k6_HumanoidRootPart_Torso_Right_Arm.CFrame = cf(0.630129, -1.005534, 0.209427, -0.526853, -0.351643, 0.773804, 0.763024, -0.596766, 0.248322, 0.374459, 0.721261, 0.582720)
Right_Arm_k6_HumanoidRootPart_Torso_Right_Arm.Parent = Torso_k6_HumanoidRootPart_Torso



--Left Arm
Left_Arm_k6_HumanoidRootPart_Torso_Left_Arm = Instance.new("Pose")
Left_Arm_k6_HumanoidRootPart_Torso_Left_Arm.Name = "Left Arm"
Left_Arm_k6_HumanoidRootPart_Torso_Left_Arm.CFrame = cf(0.292755, -0.026923, 0.296947, 0.634474, -0.512655, 0.578470, -0.392299, 0.431263, 0.812474, -0.665992, -0.742427, 0.072511)
Left_Arm_k6_HumanoidRootPart_Torso_Left_Arm.Parent = Torso_k6_HumanoidRootPart_Torso



-- Keyframe 7 (Time: 0.20000000298023224)
 keyframe7 = Instance.new("Keyframe")
keyframe7.Time = 0.20000000298023224
keyframe7.Parent = KeyframeSequence

--HumanoidRootPart
HumanoidRootPart_k7_HumanoidRootPart = Instance.new("Pose")
HumanoidRootPart_k7_HumanoidRootPart.Name = "HumanoidRootPart"
HumanoidRootPart_k7_HumanoidRootPart.CFrame = cf(0.000000, 0.000000, 0.000000, 1.000000, 0.000000, 0.000000, 0.000000, 1.000000, 0.000000, 0.000000, 0.000000, 1.000000)
HumanoidRootPart_k7_HumanoidRootPart.Parent = keyframe7



--Torso
Torso_k7_HumanoidRootPart_Torso = Instance.new("Pose")
Torso_k7_HumanoidRootPart_Torso.Name = "Torso"
Torso_k7_HumanoidRootPart_Torso.CFrame = cf(-0.073764, 0.063845, -0.187234, 0.971607, 0.236573, 0.003596, -0.236099, 0.968446, 0.079807, 0.015398, -0.078390, 0.996804)
Torso_k7_HumanoidRootPart_Torso.Parent = HumanoidRootPart_k7_HumanoidRootPart



--Left Leg
Left_Leg_k7_HumanoidRootPart_Torso_Left_Leg = Instance.new("Pose")
Left_Leg_k7_HumanoidRootPart_Torso_Left_Leg.Name = "Left Leg"
Left_Leg_k7_HumanoidRootPart_Torso_Left_Leg.CFrame = cf(-0.532835, 0.030792, -0.047752, 0.873198, -0.477934, -0.095417, 0.487346, 0.857995, 0.162293, 0.004302, -0.188215, 0.982118)
Left_Leg_k7_HumanoidRootPart_Torso_Left_Leg.Parent = Torso_k7_HumanoidRootPart_Torso



--Right Leg
Right_Leg_k7_HumanoidRootPart_Torso_Right_Leg = Instance.new("Pose")
Right_Leg_k7_HumanoidRootPart_Torso_Right_Leg.Name = "Right Leg"
Right_Leg_k7_HumanoidRootPart_Torso_Right_Leg.CFrame = cf(0.323013, 0.244143, -0.021650, 0.984768, 0.145208, -0.095641, -0.103996, 0.932711, 0.345304, 0.139346, -0.330098, 0.933605)
Right_Leg_k7_HumanoidRootPart_Torso_Right_Leg.Parent = Torso_k7_HumanoidRootPart_Torso



--Head
Head_k7_HumanoidRootPart_Torso_Head = Instance.new("Pose")
Head_k7_HumanoidRootPart_Torso_Head.Name = "Head"
Head_k7_HumanoidRootPart_Torso_Head.CFrame = cf(0.000000, -0.000000, 0.000000, 0.992051, -0.123996, -0.021426, 0.122008, 0.989510, -0.077350, 0.030793, 0.074121, 0.996774)
Head_k7_HumanoidRootPart_Torso_Head.Parent = Torso_k7_HumanoidRootPart_Torso



--Right Arm
Right_Arm_k7_HumanoidRootPart_Torso_Right_Arm = Instance.new("Pose")
Right_Arm_k7_HumanoidRootPart_Torso_Right_Arm.Name = "Right Arm"
Right_Arm_k7_HumanoidRootPart_Torso_Right_Arm.CFrame = cf(0.630129, -1.005534, 0.209427, -0.526853, -0.351643, 0.773804, 0.763024, -0.596766, 0.248322, 0.374459, 0.721261, 0.582720)
Right_Arm_k7_HumanoidRootPart_Torso_Right_Arm.Parent = Torso_k7_HumanoidRootPart_Torso



--Left Arm
Left_Arm_k7_HumanoidRootPart_Torso_Left_Arm = Instance.new("Pose")
Left_Arm_k7_HumanoidRootPart_Torso_Left_Arm.Name = "Left Arm"
Left_Arm_k7_HumanoidRootPart_Torso_Left_Arm.CFrame = cf(0.292755, -0.026923, 0.296947, 0.634474, -0.512655, 0.578470, -0.392299, 0.431263, 0.812474, -0.665992, -0.742427, 0.072511)
Left_Arm_k7_HumanoidRootPart_Torso_Left_Arm.Parent = Torso_k7_HumanoidRootPart_Torso



-- Keyframe 8 (Time: 0.23333333432674408)
 keyframe8 = Instance.new("Keyframe")
keyframe8.Time = 0.23333333432674408
keyframe8.Parent = KeyframeSequence

--HumanoidRootPart
HumanoidRootPart_k8_HumanoidRootPart = Instance.new("Pose")
HumanoidRootPart_k8_HumanoidRootPart.Name = "HumanoidRootPart"
HumanoidRootPart_k8_HumanoidRootPart.CFrame = cf(0.000000, 0.000000, 0.000000, 1.000000, 0.000000, 0.000000, 0.000000, 1.000000, 0.000000, 0.000000, 0.000000, 1.000000)
HumanoidRootPart_k8_HumanoidRootPart.Parent = keyframe8



--Torso
Torso_k8_HumanoidRootPart_Torso = Instance.new("Pose")
Torso_k8_HumanoidRootPart_Torso.Name = "Torso"
Torso_k8_HumanoidRootPart_Torso.CFrame = cf(-0.073764, 0.063845, -0.187234, 0.971607, 0.236573, 0.003596, -0.236099, 0.968446, 0.079807, 0.015398, -0.078390, 0.996804)
Torso_k8_HumanoidRootPart_Torso.Parent = HumanoidRootPart_k8_HumanoidRootPart



--Left Leg
Left_Leg_k8_HumanoidRootPart_Torso_Left_Leg = Instance.new("Pose")
Left_Leg_k8_HumanoidRootPart_Torso_Left_Leg.Name = "Left Leg"
Left_Leg_k8_HumanoidRootPart_Torso_Left_Leg.CFrame = cf(-0.532835, 0.030792, -0.047752, 0.873198, -0.477934, -0.095417, 0.487346, 0.857995, 0.162293, 0.004302, -0.188215, 0.982118)
Left_Leg_k8_HumanoidRootPart_Torso_Left_Leg.Parent = Torso_k8_HumanoidRootPart_Torso



--Right Leg
Right_Leg_k8_HumanoidRootPart_Torso_Right_Leg = Instance.new("Pose")
Right_Leg_k8_HumanoidRootPart_Torso_Right_Leg.Name = "Right Leg"
Right_Leg_k8_HumanoidRootPart_Torso_Right_Leg.CFrame = cf(0.323013, 0.244143, -0.021650, 0.984768, 0.145208, -0.095641, -0.103996, 0.932711, 0.345304, 0.139346, -0.330098, 0.933605)
Right_Leg_k8_HumanoidRootPart_Torso_Right_Leg.Parent = Torso_k8_HumanoidRootPart_Torso



--Head
Head_k8_HumanoidRootPart_Torso_Head = Instance.new("Pose")
Head_k8_HumanoidRootPart_Torso_Head.Name = "Head"
Head_k8_HumanoidRootPart_Torso_Head.CFrame = cf(0.000000, -0.000000, 0.000000, 0.992051, -0.123996, -0.021426, 0.122008, 0.989510, -0.077350, 0.030793, 0.074121, 0.996774)
Head_k8_HumanoidRootPart_Torso_Head.Parent = Torso_k8_HumanoidRootPart_Torso



--Right Arm
Right_Arm_k8_HumanoidRootPart_Torso_Right_Arm = Instance.new("Pose")
Right_Arm_k8_HumanoidRootPart_Torso_Right_Arm.Name = "Right Arm"
Right_Arm_k8_HumanoidRootPart_Torso_Right_Arm.CFrame = cf(0.630129, -1.005534, 0.209427, -0.526853, -0.351643, 0.773804, 0.763024, -0.596766, 0.248322, 0.374459, 0.721261, 0.582720)
Right_Arm_k8_HumanoidRootPart_Torso_Right_Arm.Parent = Torso_k8_HumanoidRootPart_Torso



--Left Arm
Left_Arm_k8_HumanoidRootPart_Torso_Left_Arm = Instance.new("Pose")
Left_Arm_k8_HumanoidRootPart_Torso_Left_Arm.Name = "Left Arm"
Left_Arm_k8_HumanoidRootPart_Torso_Left_Arm.CFrame = cf(0.292755, -0.026923, 0.296947, 0.634474, -0.512655, 0.578470, -0.392299, 0.431263, 0.812474, -0.665992, -0.742427, 0.072511)
Left_Arm_k8_HumanoidRootPart_Torso_Left_Arm.Parent = Torso_k8_HumanoidRootPart_Torso



-- Keyframe 9 (Time: 0.2666666805744171)
 keyframe9 = Instance.new("Keyframe")
keyframe9.Time = 0.2666666805744171
keyframe9.Parent = KeyframeSequence

--HumanoidRootPart
HumanoidRootPart_k9_HumanoidRootPart = Instance.new("Pose")
HumanoidRootPart_k9_HumanoidRootPart.Name = "HumanoidRootPart"
HumanoidRootPart_k9_HumanoidRootPart.CFrame = cf(0.000000, 0.000000, 0.000000, 1.000000, 0.000000, 0.000000, 0.000000, 1.000000, 0.000000, 0.000000, 0.000000, 1.000000)
HumanoidRootPart_k9_HumanoidRootPart.Parent = keyframe9



--Torso
Torso_k9_HumanoidRootPart_Torso = Instance.new("Pose")
Torso_k9_HumanoidRootPart_Torso.Name = "Torso"
Torso_k9_HumanoidRootPart_Torso.CFrame = cf(-0.397227, 0.110829, -0.081335, 0.943263, 0.331694, 0.015321, -0.330536, 0.933571, 0.138536, 0.031649, -0.135740, 0.990239)
Torso_k9_HumanoidRootPart_Torso.Parent = HumanoidRootPart_k9_HumanoidRootPart



--Left Leg
Left_Leg_k9_HumanoidRootPart_Torso_Left_Leg = Instance.new("Pose")
Left_Leg_k9_HumanoidRootPart_Torso_Left_Leg.Name = "Left Leg"
Left_Leg_k9_HumanoidRootPart_Torso_Left_Leg.CFrame = cf(-0.540886, 0.065083, -0.074285, 0.732422, -0.652521, -0.194356, 0.650399, 0.586133, 0.483144, -0.201343, -0.480275, 0.853696)
Left_Leg_k9_HumanoidRootPart_Torso_Left_Leg.Parent = Torso_k9_HumanoidRootPart_Torso



--Right Leg
Right_Leg_k9_HumanoidRootPart_Torso_Right_Leg = Instance.new("Pose")
Right_Leg_k9_HumanoidRootPart_Torso_Right_Leg.Name = "Right Leg"
Right_Leg_k9_HumanoidRootPart_Torso_Right_Leg.CFrame = cf(0.277438, 0.110243, 0.020689, 0.975885, 0.192191, -0.103494, -0.174756, 0.971988, 0.157161, 0.130800, -0.135285, 0.982135)
Right_Leg_k9_HumanoidRootPart_Torso_Right_Leg.Parent = Torso_k9_HumanoidRootPart_Torso



--Head
Head_k9_HumanoidRootPart_Torso_Head = Instance.new("Pose")
Head_k9_HumanoidRootPart_Torso_Head.Name = "Head"
Head_k9_HumanoidRootPart_Torso_Head.CFrame = cf(0.000000, 0.000000, 0.000000, 0.987917, -0.154732, 0.008813, 0.154116, 0.974791, -0.161339, 0.016374, 0.160748, 0.986860)
Head_k9_HumanoidRootPart_Torso_Head.Parent = Torso_k9_HumanoidRootPart_Torso



--Right Arm
Right_Arm_k9_HumanoidRootPart_Torso_Right_Arm = Instance.new("Pose")
Right_Arm_k9_HumanoidRootPart_Torso_Right_Arm.Name = "Right Arm"
Right_Arm_k9_HumanoidRootPart_Torso_Right_Arm.CFrame = cf(0.560210, -0.891106, 0.188498, -0.435327, -0.514418, 0.738827, 0.818519, -0.567869, 0.086896, 0.374856, 0.642572, 0.668269)
Right_Arm_k9_HumanoidRootPart_Torso_Right_Arm.Parent = Torso_k9_HumanoidRootPart_Torso



--Left Arm
Left_Arm_k9_HumanoidRootPart_Torso_Left_Arm = Instance.new("Pose")
Left_Arm_k9_HumanoidRootPart_Torso_Left_Arm.Name = "Left Arm"
Left_Arm_k9_HumanoidRootPart_Torso_Left_Arm.CFrame = cf(0.292755, -0.026923, 0.296947, 0.603404, -0.553929, 0.573643, -0.322262, 0.488615, 0.810804, -0.729418, -0.674106, 0.116322)
Left_Arm_k9_HumanoidRootPart_Torso_Left_Arm.Parent = Torso_k9_HumanoidRootPart_Torso



-- Keyframe 10 (Time: 0.30000001192092896)
 keyframe10 = Instance.new("Keyframe")
keyframe10.Time = 0.30000001192092896
keyframe10.Parent = KeyframeSequence

--HumanoidRootPart
HumanoidRootPart_k10_HumanoidRootPart = Instance.new("Pose")
HumanoidRootPart_k10_HumanoidRootPart.Name = "HumanoidRootPart"
HumanoidRootPart_k10_HumanoidRootPart.CFrame = cf(0.000000, 0.000000, 0.000000, 1.000000, 0.000000, 0.000000, 0.000000, 1.000000, 0.000000, 0.000000, 0.000000, 1.000000)
HumanoidRootPart_k10_HumanoidRootPart.Parent = keyframe10



--Torso
Torso_k10_HumanoidRootPart_Torso = Instance.new("Pose")
Torso_k10_HumanoidRootPart_Torso.Name = "Torso"
Torso_k10_HumanoidRootPart_Torso.CFrame = cf(-0.397227, 0.110829, -0.081335, 0.943263, 0.331694, 0.015321, -0.330536, 0.933571, 0.138536, 0.031649, -0.135740, 0.990239)
Torso_k10_HumanoidRootPart_Torso.Parent = HumanoidRootPart_k10_HumanoidRootPart



--Left Leg
Left_Leg_k10_HumanoidRootPart_Torso_Left_Leg = Instance.new("Pose")
Left_Leg_k10_HumanoidRootPart_Torso_Left_Leg.Name = "Left Leg"
Left_Leg_k10_HumanoidRootPart_Torso_Left_Leg.CFrame = cf(-0.540886, 0.065083, -0.074285, 0.732422, -0.652521, -0.194356, 0.650399, 0.586133, 0.483144, -0.201343, -0.480275, 0.853696)
Left_Leg_k10_HumanoidRootPart_Torso_Left_Leg.Parent = Torso_k10_HumanoidRootPart_Torso



--Right Leg
Right_Leg_k10_HumanoidRootPart_Torso_Right_Leg = Instance.new("Pose")
Right_Leg_k10_HumanoidRootPart_Torso_Right_Leg.Name = "Right Leg"
Right_Leg_k10_HumanoidRootPart_Torso_Right_Leg.CFrame = cf(0.277438, 0.110243, 0.020689, 0.975885, 0.192191, -0.103494, -0.174756, 0.971988, 0.157161, 0.130800, -0.135285, 0.982135)
Right_Leg_k10_HumanoidRootPart_Torso_Right_Leg.Parent = Torso_k10_HumanoidRootPart_Torso



--Head
Head_k10_HumanoidRootPart_Torso_Head = Instance.new("Pose")
Head_k10_HumanoidRootPart_Torso_Head.Name = "Head"
Head_k10_HumanoidRootPart_Torso_Head.CFrame = cf(0.000000, 0.000000, 0.000000, 0.987917, -0.154732, 0.008813, 0.154116, 0.974791, -0.161339, 0.016374, 0.160748, 0.986860)
Head_k10_HumanoidRootPart_Torso_Head.Parent = Torso_k10_HumanoidRootPart_Torso



--Right Arm
Right_Arm_k10_HumanoidRootPart_Torso_Right_Arm = Instance.new("Pose")
Right_Arm_k10_HumanoidRootPart_Torso_Right_Arm.Name = "Right Arm"
Right_Arm_k10_HumanoidRootPart_Torso_Right_Arm.CFrame = cf(0.560210, -0.891106, 0.188498, -0.435327, -0.514418, 0.738827, 0.818519, -0.567869, 0.086896, 0.374856, 0.642572, 0.668269)
Right_Arm_k10_HumanoidRootPart_Torso_Right_Arm.Parent = Torso_k10_HumanoidRootPart_Torso



--Left Arm
Left_Arm_k10_HumanoidRootPart_Torso_Left_Arm = Instance.new("Pose")
Left_Arm_k10_HumanoidRootPart_Torso_Left_Arm.Name = "Left Arm"
Left_Arm_k10_HumanoidRootPart_Torso_Left_Arm.CFrame = cf(0.292755, -0.026923, 0.296947, 0.603404, -0.553929, 0.573643, -0.322262, 0.488615, 0.810804, -0.729418, -0.674106, 0.116322)
Left_Arm_k10_HumanoidRootPart_Torso_Left_Arm.Parent = Torso_k10_HumanoidRootPart_Torso



-- Keyframe 11 (Time: 0.3333333432674408)
 keyframe11 = Instance.new("Keyframe")
keyframe11.Time = 0.3333333432674408
keyframe11.Parent = KeyframeSequence

--HumanoidRootPart
HumanoidRootPart_k11_HumanoidRootPart = Instance.new("Pose")
HumanoidRootPart_k11_HumanoidRootPart.Name = "HumanoidRootPart"
HumanoidRootPart_k11_HumanoidRootPart.CFrame = cf(0.000000, 0.000000, 0.000000, 1.000000, 0.000000, 0.000000, 0.000000, 1.000000, 0.000000, 0.000000, 0.000000, 1.000000)
HumanoidRootPart_k11_HumanoidRootPart.Parent = keyframe11



--Torso
Torso_k11_HumanoidRootPart_Torso = Instance.new("Pose")
Torso_k11_HumanoidRootPart_Torso.Name = "Torso"
Torso_k11_HumanoidRootPart_Torso.CFrame = cf(-0.397227, 0.110829, -0.081335, 0.943263, 0.331694, 0.015321, -0.330536, 0.933571, 0.138536, 0.031649, -0.135740, 0.990239)
Torso_k11_HumanoidRootPart_Torso.Parent = HumanoidRootPart_k11_HumanoidRootPart



--Left Leg
Left_Leg_k11_HumanoidRootPart_Torso_Left_Leg = Instance.new("Pose")
Left_Leg_k11_HumanoidRootPart_Torso_Left_Leg.Name = "Left Leg"
Left_Leg_k11_HumanoidRootPart_Torso_Left_Leg.CFrame = cf(-0.540886, 0.065083, -0.074285, 0.732422, -0.652521, -0.194356, 0.650399, 0.586133, 0.483144, -0.201343, -0.480275, 0.853696)
Left_Leg_k11_HumanoidRootPart_Torso_Left_Leg.Parent = Torso_k11_HumanoidRootPart_Torso



--Right Leg
Right_Leg_k11_HumanoidRootPart_Torso_Right_Leg = Instance.new("Pose")
Right_Leg_k11_HumanoidRootPart_Torso_Right_Leg.Name = "Right Leg"
Right_Leg_k11_HumanoidRootPart_Torso_Right_Leg.CFrame = cf(0.277438, 0.110243, 0.020689, 0.975885, 0.192191, -0.103494, -0.174756, 0.971988, 0.157161, 0.130800, -0.135285, 0.982135)
Right_Leg_k11_HumanoidRootPart_Torso_Right_Leg.Parent = Torso_k11_HumanoidRootPart_Torso



--Head
Head_k11_HumanoidRootPart_Torso_Head = Instance.new("Pose")
Head_k11_HumanoidRootPart_Torso_Head.Name = "Head"
Head_k11_HumanoidRootPart_Torso_Head.CFrame = cf(0.000000, 0.000000, 0.000000, 0.987917, -0.154732, 0.008813, 0.154116, 0.974791, -0.161339, 0.016374, 0.160748, 0.986860)
Head_k11_HumanoidRootPart_Torso_Head.Parent = Torso_k11_HumanoidRootPart_Torso



--Right Arm
Right_Arm_k11_HumanoidRootPart_Torso_Right_Arm = Instance.new("Pose")
Right_Arm_k11_HumanoidRootPart_Torso_Right_Arm.Name = "Right Arm"
Right_Arm_k11_HumanoidRootPart_Torso_Right_Arm.CFrame = cf(0.560210, -0.891106, 0.188498, -0.435327, -0.514418, 0.738827, 0.818519, -0.567869, 0.086896, 0.374856, 0.642572, 0.668269)
Right_Arm_k11_HumanoidRootPart_Torso_Right_Arm.Parent = Torso_k11_HumanoidRootPart_Torso



--Left Arm
Left_Arm_k11_HumanoidRootPart_Torso_Left_Arm = Instance.new("Pose")
Left_Arm_k11_HumanoidRootPart_Torso_Left_Arm.Name = "Left Arm"
Left_Arm_k11_HumanoidRootPart_Torso_Left_Arm.CFrame = cf(0.292755, -0.026923, 0.296947, 0.603404, -0.553929, 0.573643, -0.322262, 0.488615, 0.810804, -0.729418, -0.674106, 0.116322)
Left_Arm_k11_HumanoidRootPart_Torso_Left_Arm.Parent = Torso_k11_HumanoidRootPart_Torso



-- Keyframe 12 (Time: 0.36666667461395264)
 keyframe12 = Instance.new("Keyframe")
keyframe12.Time = 0.36666667461395264
keyframe12.Parent = KeyframeSequence

--HumanoidRootPart
HumanoidRootPart_k12_HumanoidRootPart = Instance.new("Pose")
HumanoidRootPart_k12_HumanoidRootPart.Name = "HumanoidRootPart"
HumanoidRootPart_k12_HumanoidRootPart.CFrame = cf(0.000000, 0.000000, 0.000000, 1.000000, 0.000000, 0.000000, 0.000000, 1.000000, 0.000000, 0.000000, 0.000000, 1.000000)
HumanoidRootPart_k12_HumanoidRootPart.Parent = keyframe12



--Torso
Torso_k12_HumanoidRootPart_Torso = Instance.new("Pose")
Torso_k12_HumanoidRootPart_Torso.Name = "Torso"
Torso_k12_HumanoidRootPart_Torso.CFrame = cf(-0.397227, 0.110829, -0.081335, 0.943263, 0.331694, 0.015321, -0.330536, 0.933571, 0.138536, 0.031649, -0.135740, 0.990239)
Torso_k12_HumanoidRootPart_Torso.Parent = HumanoidRootPart_k12_HumanoidRootPart



--Left Leg
Left_Leg_k12_HumanoidRootPart_Torso_Left_Leg = Instance.new("Pose")
Left_Leg_k12_HumanoidRootPart_Torso_Left_Leg.Name = "Left Leg"
Left_Leg_k12_HumanoidRootPart_Torso_Left_Leg.CFrame = cf(-0.540886, 0.065083, -0.074285, 0.732422, -0.652521, -0.194356, 0.650399, 0.586133, 0.483144, -0.201343, -0.480275, 0.853696)
Left_Leg_k12_HumanoidRootPart_Torso_Left_Leg.Parent = Torso_k12_HumanoidRootPart_Torso



--Right Leg
Right_Leg_k12_HumanoidRootPart_Torso_Right_Leg = Instance.new("Pose")
Right_Leg_k12_HumanoidRootPart_Torso_Right_Leg.Name = "Right Leg"
Right_Leg_k12_HumanoidRootPart_Torso_Right_Leg.CFrame = cf(0.277438, 0.110243, 0.020689, 0.975885, 0.192191, -0.103494, -0.174756, 0.971988, 0.157161, 0.130800, -0.135285, 0.982135)
Right_Leg_k12_HumanoidRootPart_Torso_Right_Leg.Parent = Torso_k12_HumanoidRootPart_Torso



--Head
Head_k12_HumanoidRootPart_Torso_Head = Instance.new("Pose")
Head_k12_HumanoidRootPart_Torso_Head.Name = "Head"
Head_k12_HumanoidRootPart_Torso_Head.CFrame = cf(0.000000, 0.000000, 0.000000, 0.987917, -0.154732, 0.008813, 0.154116, 0.974791, -0.161339, 0.016374, 0.160748, 0.986860)
Head_k12_HumanoidRootPart_Torso_Head.Parent = Torso_k12_HumanoidRootPart_Torso



--Right Arm
Right_Arm_k12_HumanoidRootPart_Torso_Right_Arm = Instance.new("Pose")
Right_Arm_k12_HumanoidRootPart_Torso_Right_Arm.Name = "Right Arm"
Right_Arm_k12_HumanoidRootPart_Torso_Right_Arm.CFrame = cf(0.560210, -0.891106, 0.188498, -0.435327, -0.514418, 0.738827, 0.818519, -0.567869, 0.086896, 0.374856, 0.642572, 0.668269)
Right_Arm_k12_HumanoidRootPart_Torso_Right_Arm.Parent = Torso_k12_HumanoidRootPart_Torso



--Left Arm
Left_Arm_k12_HumanoidRootPart_Torso_Left_Arm = Instance.new("Pose")
Left_Arm_k12_HumanoidRootPart_Torso_Left_Arm.Name = "Left Arm"
Left_Arm_k12_HumanoidRootPart_Torso_Left_Arm.CFrame = cf(0.292755, -0.026923, 0.296947, 0.603404, -0.553929, 0.573643, -0.322262, 0.488615, 0.810804, -0.729418, -0.674106, 0.116322)
Left_Arm_k12_HumanoidRootPart_Torso_Left_Arm.Parent = Torso_k12_HumanoidRootPart_Torso



-- Keyframe 13 (Time: 0.4000000059604645)
 keyframe13 = Instance.new("Keyframe")
keyframe13.Time = 0.4000000059604645
keyframe13.Parent = KeyframeSequence

--HumanoidRootPart
HumanoidRootPart_k13_HumanoidRootPart = Instance.new("Pose")
HumanoidRootPart_k13_HumanoidRootPart.Name = "HumanoidRootPart"
HumanoidRootPart_k13_HumanoidRootPart.CFrame = cf(0.000000, 0.000000, 0.000000, 1.000000, 0.000000, 0.000000, 0.000000, 1.000000, 0.000000, 0.000000, 0.000000, 1.000000)
HumanoidRootPart_k13_HumanoidRootPart.Parent = keyframe13



--Torso
Torso_k13_HumanoidRootPart_Torso = Instance.new("Pose")
Torso_k13_HumanoidRootPart_Torso.Name = "Torso"
Torso_k13_HumanoidRootPart_Torso.CFrame = cf(-0.397227, 0.110829, -0.081335, 0.943263, 0.331694, 0.015321, -0.330536, 0.933571, 0.138536, 0.031649, -0.135740, 0.990239)
Torso_k13_HumanoidRootPart_Torso.Parent = HumanoidRootPart_k13_HumanoidRootPart



--Left Leg
Left_Leg_k13_HumanoidRootPart_Torso_Left_Leg = Instance.new("Pose")
Left_Leg_k13_HumanoidRootPart_Torso_Left_Leg.Name = "Left Leg"
Left_Leg_k13_HumanoidRootPart_Torso_Left_Leg.CFrame = cf(-0.540886, 0.065083, -0.074285, 0.732422, -0.652521, -0.194356, 0.650399, 0.586133, 0.483144, -0.201343, -0.480275, 0.853696)
Left_Leg_k13_HumanoidRootPart_Torso_Left_Leg.Parent = Torso_k13_HumanoidRootPart_Torso



--Right Leg
Right_Leg_k13_HumanoidRootPart_Torso_Right_Leg = Instance.new("Pose")
Right_Leg_k13_HumanoidRootPart_Torso_Right_Leg.Name = "Right Leg"
Right_Leg_k13_HumanoidRootPart_Torso_Right_Leg.CFrame = cf(0.277438, 0.110243, 0.020689, 0.975885, 0.192191, -0.103494, -0.174756, 0.971988, 0.157161, 0.130800, -0.135285, 0.982135)
Right_Leg_k13_HumanoidRootPart_Torso_Right_Leg.Parent = Torso_k13_HumanoidRootPart_Torso



--Head
Head_k13_HumanoidRootPart_Torso_Head = Instance.new("Pose")
Head_k13_HumanoidRootPart_Torso_Head.Name = "Head"
Head_k13_HumanoidRootPart_Torso_Head.CFrame = cf(0.000000, 0.000000, 0.000000, 0.987917, -0.154732, 0.008813, 0.154116, 0.974791, -0.161339, 0.016374, 0.160748, 0.986860)
Head_k13_HumanoidRootPart_Torso_Head.Parent = Torso_k13_HumanoidRootPart_Torso



--Right Arm
Right_Arm_k13_HumanoidRootPart_Torso_Right_Arm = Instance.new("Pose")
Right_Arm_k13_HumanoidRootPart_Torso_Right_Arm.Name = "Right Arm"
Right_Arm_k13_HumanoidRootPart_Torso_Right_Arm.CFrame = cf(0.560210, -0.891106, 0.188498, -0.435327, -0.514418, 0.738827, 0.818519, -0.567869, 0.086896, 0.374856, 0.642572, 0.668269)
Right_Arm_k13_HumanoidRootPart_Torso_Right_Arm.Parent = Torso_k13_HumanoidRootPart_Torso



--Left Arm
Left_Arm_k13_HumanoidRootPart_Torso_Left_Arm = Instance.new("Pose")
Left_Arm_k13_HumanoidRootPart_Torso_Left_Arm.Name = "Left Arm"
Left_Arm_k13_HumanoidRootPart_Torso_Left_Arm.CFrame = cf(0.292755, -0.026923, 0.296947, 0.603404, -0.553929, 0.573643, -0.322262, 0.488615, 0.810804, -0.729418, -0.674106, 0.116322)
Left_Arm_k13_HumanoidRootPart_Torso_Left_Arm.Parent = Torso_k13_HumanoidRootPart_Torso



-- Keyframe 14 (Time: 0.4333333373069763)
 keyframe14 = Instance.new("Keyframe")
keyframe14.Time = 0.4333333373069763
keyframe14.Parent = KeyframeSequence

--HumanoidRootPart
HumanoidRootPart_k14_HumanoidRootPart = Instance.new("Pose")
HumanoidRootPart_k14_HumanoidRootPart.Name = "HumanoidRootPart"
