-- KeyframeSequence Export: KeyframeSequence
-- Generated on 2026-04-07 01:27:23
-- Reverted from: Hit the jackpot.anim

local KeyframeSequence = Instance.new("KeyframeSequence")
KeyframeSequence.Name = "KeyframeSequence"
local cf=CFrame.new

-- Keyframe 1 (Time: 0)
local keyframe1 = Instance.new("Keyframe")
keyframe1.Time = 0
keyframe1.Parent = KeyframeSequence

--HumanoidRootPart
local HumanoidRootPart_k1_HumanoidRootPart = Instance.new("Pose")
HumanoidRootPart_k1_HumanoidRootPart.Name = "HumanoidRootPart"
HumanoidRootPart_k1_HumanoidRootPart.CFrame = cf(0.000000, 0.000000, 0.000000, 1.000000, 0.000000, 0.000000, 0.000000, 1.000000, 0.000000, 0.000000, 0.000000, 1.000000)
HumanoidRootPart_k1_HumanoidRootPart.Parent = keyframe1


--Torso
local Torso_k1_HumanoidRootPart_Torso = Instance.new("Pose")
Torso_k1_HumanoidRootPart_Torso.Name = "Torso"
Torso_k1_HumanoidRootPart_Torso.CFrame = cf(0.027688, -0.079304, -0.003534, 0.983986, -0.176083, 0.027688, 0.177758, 0.980874, -0.079304, -0.013195, 0.082956, 0.996466)
Torso_k1_HumanoidRootPart_Torso.Parent = HumanoidRootPart_k1_HumanoidRootPart


--Right Arm
local Right_Arm_k1_HumanoidRootPart_Torso_Replace = Instance.new("Pose")
Right_Arm_k1_HumanoidRootPart_Torso_Replace.Name = "Right Arm"
Right_Arm_k1_HumanoidRootPart_Torso_Replace.CFrame = cf(0.614195, -0.590453, -0.102230, -0.705027, -0.702403, 0.097810, 0.349950, -0.224617, 0.909441, -0.616824, 0.675409, 0.404167)
Right_Arm_k1_HumanoidRootPart_Torso_Replace.Parent = Torso_k1_HumanoidRootPart_Torso


--Left Arm
local Left_Arm_k1_HumanoidRootPart_Torso_Replace = Instance.new("Pose")
Left_Arm_k1_HumanoidRootPart_Torso_Replace.Name = "Left Arm"
Left_Arm_k1_HumanoidRootPart_Torso_Replace.CFrame = cf(-0.311645, -0.921157, 0.109697, -0.616264, 0.785207, -0.060566, -0.197377, -0.079542, 0.977095, 0.762404, 0.614103, 0.204001)
Left_Arm_k1_HumanoidRootPart_Torso_Replace.Parent = Torso_k1_HumanoidRootPart_Torso


--Right Leg
local Right_Leg_k1_HumanoidRootPart_Torso_Replace = Instance.new("Pose")
Right_Leg_k1_HumanoidRootPart_Torso_Replace.Name = "Right Leg"
Right_Leg_k1_HumanoidRootPart_Torso_Replace.CFrame = cf(-0.087825, -0.020684, -0.007262, 0.983873, -0.032524, -0.175887, 0.028810, 0.999306, -0.023610, 0.176533, 0.018161, 0.984127)
Right_Leg_k1_HumanoidRootPart_Torso_Replace.Parent = Torso_k1_HumanoidRootPart_Torso


--Left Leg
local Left_Leg_k1_HumanoidRootPart_Torso_Replace = Instance.new("Pose")
Left_Leg_k1_HumanoidRootPart_Torso_Replace.Name = "Left Leg"
Left_Leg_k1_HumanoidRootPart_Torso_Replace.CFrame = cf(-0.105304, 0.022477, -0.010505, 0.976603, 0.123448, -0.176093, -0.119690, 0.992301, 0.031828, 0.178667, -0.010006, 0.983859)
Left_Leg_k1_HumanoidRootPart_Torso_Replace.Parent = Torso_k1_HumanoidRootPart_Torso


--Head
local Head_k1_HumanoidRootPart_Torso_Head = Instance.new("Pose")
Head_k1_HumanoidRootPart_Torso_Head.Name = "Head"
Head_k1_HumanoidRootPart_Torso_Head.CFrame = cf(0.000000, 0.000000, -0.000000, 0.998811, 0.000068, 0.048740, -0.000462, 0.999967, 0.008066, -0.048738, -0.008079, 0.998779)
Head_k1_HumanoidRootPart_Torso_Head.Parent = Torso_k1_HumanoidRootPart_Torso


--RightUpperArm
local RightUpperArm_k1_RightUpperArm = Instance.new("Pose")
RightUpperArm_k1_RightUpperArm.Name = "RightUpperArm"
RightUpperArm_k1_RightUpperArm.CFrame = cf(0.075402, -0.912528, -0.429463, 0.404167, 0.675409, 0.616824, 0.909441, -0.224617, -0.349950, -0.097810, 0.702403, -0.705027)
RightUpperArm_k1_RightUpperArm.Parent = keyframe1


--LeftUpperArm
local LeftUpperArm_k1_LeftUpperArm = Instance.new("Pose")
LeftUpperArm_k1_LeftUpperArm.Name = "LeftUpperArm"
LeftUpperArm_k1_LeftUpperArm.CFrame = cf(-0.271205, -1.205077, -0.105135, 0.204001, -0.614103, -0.762405, -0.977095, -0.079542, -0.197377, 0.060566, 0.785207, -0.616264)
LeftUpperArm_k1_LeftUpperArm.Parent = keyframe1


--LeftHand
local LeftHand_k1_LeftHand = Instance.new("Pose")
LeftHand_k1_LeftHand.Name = "LeftHand"
LeftHand_k1_LeftHand.CFrame = cf(0.000500, 0.000100, 0.000000, 1.000000, -0.000000, 0.000000, 0.000000, 1.000000, 0.000001, -0.000000, 0.000000, 1.000000)
LeftHand_k1_LeftHand.Parent = keyframe1


-- Keyframe 2 (Time: 0.01666666753590107)
 keyframe2 = Instance.new("Keyframe")
keyframe2.Time = 0.01666666753590107
keyframe2.Parent = KeyframeSequence

--HumanoidRootPart
 HumanoidRootPart_k2_HumanoidRootPart = Instance.new("Pose")
HumanoidRootPart_k2_HumanoidRootPart.Name = "HumanoidRootPart"
HumanoidRootPart_k2_HumanoidRootPart.CFrame = cf(0.000000, 0.000000, 0.000000, 1.000000, 0.000000, 0.000000, 0.000000, 1.000000, 0.000000, 0.000000, 0.000000, 1.000000)
HumanoidRootPart_k2_HumanoidRootPart.Parent = keyframe2


--Torso
 Torso_k2_HumanoidRootPart_Torso = Instance.new("Pose")
Torso_k2_HumanoidRootPart_Torso.Name = "Torso"
Torso_k2_HumanoidRootPart_Torso.CFrame = cf(0.027932, -0.081105, -0.004011, 0.983687, -0.177708, 0.027931, 0.179422, 0.980422, -0.081117, -0.012969, 0.084805, 0.996313)
Torso_k2_HumanoidRootPart_Torso.Parent = HumanoidRootPart_k2_HumanoidRootPart


--Right Arm
 Right_Arm_k2_HumanoidRootPart_Torso_Replace = Instance.new("Pose")
Right_Arm_k2_HumanoidRootPart_Torso_Replace.Name = "Right Arm"
Right_Arm_k2_HumanoidRootPart_Torso_Replace.CFrame = cf(0.615261, -0.589632, -0.101076, -0.702460, -0.705090, 0.096949, 0.350272, -0.223912, 0.909491, -0.619564, 0.672839, 0.404262)
Right_Arm_k2_HumanoidRootPart_Torso_Replace.Parent = Torso_k2_HumanoidRootPart_Torso


--Left Arm
 Left_Arm_k2_HumanoidRootPart_Torso_Replace = Instance.new("Pose")
Left_Arm_k2_HumanoidRootPart_Torso_Replace.Name = "Left Arm"
Left_Arm_k2_HumanoidRootPart_Torso_Replace.CFrame = cf(-0.310850, -0.921000, 0.111628, -0.615435, 0.785714, -0.062405, -0.197080, -0.076741, 0.977379, 0.763151, 0.613811, 0.202077)
Left_Arm_k2_HumanoidRootPart_Torso_Replace.Parent = Torso_k2_HumanoidRootPart_Torso


--Right Leg
 Right_Leg_k2_HumanoidRootPart_Torso_Replace = Instance.new("Pose")
Right_Leg_k2_HumanoidRootPart_Torso_Replace.Name = "Right Leg"
Right_Leg_k2_HumanoidRootPart_Torso_Replace.CFrame = cf(-0.088650, -0.020374, -0.007386, 0.983534, -0.033905, -0.177515, 0.030153, 0.999262, -0.023775, 0.178190, 0.018031, 0.983831)
Right_Leg_k2_HumanoidRootPart_Torso_Replace.Parent = Torso_k2_HumanoidRootPart_Torso


--Left Leg
 Left_Leg_k2_HumanoidRootPart_Torso_Replace = Instance.new("Pose")
Left_Leg_k2_HumanoidRootPart_Torso_Replace.Name = "Left Leg"
Left_Leg_k2_HumanoidRootPart_Torso_Replace.CFrame = cf(-0.106761, 0.022929, -0.010795, 0.976063, 0.125382, -0.177710, -0.121580, 0.992060, 0.032148, 0.180330, -0.009771, 0.983558)
Left_Leg_k2_HumanoidRootPart_Torso_Replace.Parent = Torso_k2_HumanoidRootPart_Torso


--Head
 Head_k2_HumanoidRootPart_Torso_Head = Instance.new("Pose")
Head_k2_HumanoidRootPart_Torso_Head.Name = "Head"
Head_k2_HumanoidRootPart_Torso_Head.CFrame = cf(0.000000, 0.000000, -0.000000, 0.998796, -0.001992, 0.049020, 0.001646, 0.999974, 0.007085, -0.049033, -0.006996, 0.998773)
Head_k2_HumanoidRootPart_Torso_Head.Parent = Torso_k2_HumanoidRootPart_Torso


--RightUpperArm
 RightUpperArm_k2_RightUpperArm = Instance.new("Pose")
RightUpperArm_k2_RightUpperArm.Name = "RightUpperArm"
RightUpperArm_k2_RightUpperArm.CFrame = cf(0.075881, -0.911520, -0.429823, 0.404262, 0.672839, 0.619565, 0.909491, -0.223912, -0.350272, -0.096949, 0.705090, -0.702459)
RightUpperArm_k2_RightUpperArm.Parent = keyframe2


--LeftUpperArm
 LeftUpperArm_k2_LeftUpperArm = Instance.new("Pose")
LeftUpperArm_k2_LeftUpperArm.Name = "LeftUpperArm"
LeftUpperArm_k2_LeftUpperArm.CFrame = cf(-0.273060, -1.204182, -0.104207, 0.202077, -0.613811, -0.763152, -0.977379, -0.076741, -0.197080, 0.062405, 0.785714, -0.615434)
LeftUpperArm_k2_LeftUpperArm.Parent = keyframe2


--LeftHand
 LeftHand_k2_LeftHand = Instance.new("Pose")
LeftHand_k2_LeftHand.Name = "LeftHand"
LeftHand_k2_LeftHand.CFrame = cf(0.000500, 0.000100, -0.000000, 1.000000, 0.000000, 0.000000, -0.000000, 1.000000, 0.000001, -0.000000, -0.000000, 1.000000)
LeftHand_k2_LeftHand.Parent = keyframe2


-- Keyframe 3 (Time: 0.03333333507180214)
 keyframe3 = Instance.new("Keyframe")
keyframe3.Time = 0.03333333507180214
keyframe3.Parent = KeyframeSequence

--HumanoidRootPart
 HumanoidRootPart_k3_HumanoidRootPart = Instance.new("Pose")
HumanoidRootPart_k3_HumanoidRootPart.Name = "HumanoidRootPart"
HumanoidRootPart_k3_HumanoidRootPart.CFrame = cf(0.000000, 0.000000, 0.000000, 1.000000, 0.000000, 0.000000, 0.000000, 1.000000, 0.000000, 0.000000, 0.000000, 1.000000)
HumanoidRootPart_k3_HumanoidRootPart.Parent = keyframe3


--Torso
 Torso_k3_HumanoidRootPart_Torso = Instance.new("Pose")
Torso_k3_HumanoidRootPart_Torso.Name = "Torso"
Torso_k3_HumanoidRootPart_Torso.CFrame = cf(0.028633, -0.086092, -0.005376, 0.982837, -0.182242, 0.028630, 0.184064, 0.979133, -0.086137, -0.012335, 0.089928, 0.995872)
Torso_k3_HumanoidRootPart_Torso.Parent = HumanoidRootPart_k3_HumanoidRootPart


--Right Arm
 Right_Arm_k3_HumanoidRootPart_Torso_Replace = Instance.new("Pose")
Right_Arm_k3_HumanoidRootPart_Torso_Replace.Name = "Right Arm"
Right_Arm_k3_HumanoidRootPart_Torso_Replace.CFrame = cf(0.618161, -0.587389, -0.097726, -0.695169, -0.712590, 0.094636, 0.351164, -0.221769, 0.909672, -0.627236, 0.665608, 0.404402)
Right_Arm_k3_HumanoidRootPart_Torso_Replace.Parent = Torso_k3_HumanoidRootPart_Torso


--Left Arm
 Left_Arm_k3_HumanoidRootPart_Torso_Replace = Instance.new("Pose")
Left_Arm_k3_HumanoidRootPart_Torso_Replace.Name = "Left Arm"
Left_Arm_k3_HumanoidRootPart_Torso_Replace.CFrame = cf(-0.308636, -0.920433, 0.117055, -0.613237, 0.787012, -0.067474, -0.196219, -0.069033, 0.978127, 0.765139, 0.613063, 0.196760)
Left_Arm_k3_HumanoidRootPart_Torso_Replace.Parent = Torso_k3_HumanoidRootPart_Torso


--Right Leg
 Right_Leg_k3_HumanoidRootPart_Torso_Replace = Instance.new("Pose")
Right_Leg_k3_HumanoidRootPart_Torso_Replace.Name = "Right Leg"
Right_Leg_k3_HumanoidRootPart_Torso_Replace.CFrame = cf(-0.090954, -0.019497, -0.007740, 0.982564, -0.037720, -0.182058, 0.033859, 0.999132, -0.024254, 0.182815, 0.017667, 0.982989)
Right_Leg_k3_HumanoidRootPart_Torso_Replace.Parent = Torso_k3_HumanoidRootPart_Torso


--Left Leg
 Left_Leg_k3_HumanoidRootPart_Torso_Replace = Instance.new("Pose")
Left_Leg_k3_HumanoidRootPart_Torso_Replace.Name = "Left Leg"
Left_Leg_k3_HumanoidRootPart_Torso_Replace.CFrame = cf(-0.111194, 0.024280, -0.011692, 0.974556, 0.130526, -0.182221, -0.126597, 0.991403, 0.033062, 0.184969, -0.009151, 0.982702)
Left_Leg_k3_HumanoidRootPart_Torso_Replace.Parent = Torso_k3_HumanoidRootPart_Torso


--Head
 Head_k3_HumanoidRootPart_Torso_Head = Instance.new("Pose")
Head_k3_HumanoidRootPart_Torso_Head.Name = "Head"
Head_k3_HumanoidRootPart_Torso_Head.CFrame = cf(0.000000, 0.000000, -0.000000, 0.998734, -0.007567, 0.049737, 0.007363, 0.999964, 0.004287, -0.049768, -0.003916, 0.998753)
Head_k3_HumanoidRootPart_Torso_Head.Parent = Torso_k3_HumanoidRootPart_Torso


--RightUpperArm
 RightUpperArm_k3_RightUpperArm = Instance.new("Pose")
RightUpperArm_k3_RightUpperArm.Name = "RightUpperArm"
RightUpperArm_k3_RightUpperArm.CFrame = cf(0.077329, -0.908714, -0.430750, 0.404403, 0.665608, 0.627236, 0.909672, -0.221769, -0.351164, -0.094636, 0.712590, -0.695168)
RightUpperArm_k3_RightUpperArm.Parent = keyframe3


--LeftUpperArm
 LeftUpperArm_k3_LeftUpperArm = Instance.new("Pose")
LeftUpperArm_k3_LeftUpperArm.Name = "LeftUpperArm"
LeftUpperArm_k3_LeftUpperArm.CFrame = cf(-0.278291, -1.201588, -0.101652, 0.196760, -0.613063, -0.765140, -0.978127, -0.069033, -0.196219, 0.067475, 0.787012, -0.613237)
LeftUpperArm_k3_LeftUpperArm.Parent = keyframe3


--LeftHand
 LeftHand_k3_LeftHand = Instance.new("Pose")
LeftHand_k3_LeftHand.Name = "LeftHand"
LeftHand_k3_LeftHand.CFrame = cf(0.000500, 0.000100, 0.000000, 1.000000, 0.000000, 0.000000, 0.000000, 1.000000, 0.000001, -0.000000, 0.000000, 1.000000)
LeftHand_k3_LeftHand.Parent = keyframe3


-- Keyframe 4 (Time: 0.05000000074505806)
 keyframe4 = Instance.new("Keyframe")
keyframe4.Time = 0.05000000074505806
keyframe4.Parent = KeyframeSequence

--HumanoidRootPart
 HumanoidRootPart_k4_HumanoidRootPart = Instance.new("Pose")
HumanoidRootPart_k4_HumanoidRootPart.Name = "HumanoidRootPart"
HumanoidRootPart_k4_HumanoidRootPart.CFrame = cf(0.000000, 0.000000, 0.000000, 1.000000, 0.000000, 0.000000, 0.000000, 1.000000, 0.000000, 0.000000, 0.000000, 1.000000)
HumanoidRootPart_k4_HumanoidRootPart.Parent = keyframe4


--Torso
 Torso_k4_HumanoidRootPart_Torso = Instance.new("Pose")
Torso_k4_HumanoidRootPart_Torso.Name = "Torso"
Torso_k4_HumanoidRootPart_Torso.CFrame = cf(0.029759, -0.093635, -0.007549, 0.981494, -0.189167, 0.029752, 0.191157, 0.977074, -0.093733, -0.011339, 0.097686, 0.995153)
Torso_k4_HumanoidRootPart_Torso.Parent = HumanoidRootPart_k4_HumanoidRootPart


--Right Arm
 Right_Arm_k4_HumanoidRootPart_Torso_Replace = Instance.new("Pose")
Right_Arm_k4_HumanoidRootPart_Torso_Replace.Name = "Right Arm"
Right_Arm_k4_HumanoidRootPart_Torso_Replace.CFrame = cf(0.622430, -0.584061, -0.092329, -0.683719, -0.724014, 0.091282, 0.352495, -0.218142, 0.910033, -0.638964, 0.654383, 0.404360)
Right_Arm_k4_HumanoidRootPart_Torso_Replace.Parent = Torso_k4_HumanoidRootPart_Torso


--Left Arm
 Left_Arm_k4_HumanoidRootPart_Torso_Replace = Instance.new("Pose")
Left_Arm_k4_HumanoidRootPart_Torso_Replace.Name = "Left Arm"
Left_Arm_k4_HumanoidRootPart_Torso_Replace.CFrame = cf(-0.305252, -0.919305, 0.125435, -0.610112, 0.788747, -0.075111, -0.194832, -0.057463, 0.979152, 0.767987, 0.612026, 0.188732)
Left_Arm_k4_HumanoidRootPart_Torso_Replace.Parent = Torso_k4_HumanoidRootPart_Torso


--Right Leg
 Right_Leg_k4_HumanoidRootPart_Torso_Replace = Instance.new("Pose")
Right_Leg_k4_HumanoidRootPart_Torso_Replace.Name = "Right Leg"
Right_Leg_k4_HumanoidRootPart_Torso_Replace.CFrame = cf(-0.094491, -0.018128, -0.008301, 0.981014, -0.043477, -0.189002, 0.039445, 0.998908, -0.025029, 0.189884, 0.017098, 0.981658)
Right_Leg_k4_HumanoidRootPart_Torso_Replace.Parent = Torso_k4_HumanoidRootPart_Torso


--Left Leg
 Left_Leg_k4_HumanoidRootPart_Torso_Replace = Instance.new("Pose")
Left_Leg_k4_HumanoidRootPart_Torso_Replace.Name = "Left Leg"
Left_Leg_k4_HumanoidRootPart_Torso_Replace.CFrame = cf(-0.117583, 0.026398, -0.013055, 0.972138, 0.138522, -0.189106, -0.134394, 0.990326, 0.034524, 0.192059, -0.008147, 0.981350)
Left_Leg_k4_HumanoidRootPart_Torso_Replace.Parent = Torso_k4_HumanoidRootPart_Torso


--Head
 Head_k4_HumanoidRootPart_Torso_Head = Instance.new("Pose")
Head_k4_HumanoidRootPart_Torso_Head.Name = "Head"
Head_k4_HumanoidRootPart_Torso_Head.CFrame = cf(0.000000, 0.000000, -0.000000, 0.998589, -0.015752, 0.050716, 0.015778, 0.999876, -0.000107, -0.050708, 0.000907, 0.998713)
Head_k4_HumanoidRootPart_Torso_Head.Parent = Torso_k4_HumanoidRootPart_Torso


--RightUpperArm
 RightUpperArm_k4_RightUpperArm = Instance.new("Pose")
RightUpperArm_k4_RightUpperArm.Name = "RightUpperArm"
RightUpperArm_k4_RightUpperArm.CFrame = cf(0.079774, -0.904432, -0.432015, 0.404360, 0.654383, 0.638964, 0.910033, -0.218142, -0.352496, -0.091282, 0.724014, -0.683719)
RightUpperArm_k4_RightUpperArm.Parent = keyframe4


--LeftUpperArm
 LeftUpperArm_k4_LeftUpperArm = Instance.new("Pose")
LeftUpperArm_k4_LeftUpperArm.Name = "LeftUpperArm"
LeftUpperArm_k4_LeftUpperArm.CFrame = cf(-0.286397, -1.197417, -0.097812, 0.188732, -0.612026, -0.767987, -0.979152, -0.057463, -0.194832, 0.075111, 0.788747, -0.610112)
LeftUpperArm_k4_LeftUpperArm.Parent = keyframe4


--LeftHand
 LeftHand_k4_LeftHand = Instance.new("Pose")
LeftHand_k4_LeftHand.Name = "LeftHand"
LeftHand_k4_LeftHand.CFrame = cf(0.000500, 0.000100, -0.000000, 1.000000, 0.000000, 0.000000, 0.000000, 1.000000, 0.000001, -0.000000, -0.000000, 1.000000)
LeftHand_k4_LeftHand.Parent = keyframe4


-- Keyframe 5 (Time: 0.06666667014360428)
 keyframe5 = Instance.new("Keyframe")
keyframe5.Time = 0.06666667014360428
keyframe5.Parent = KeyframeSequence

--HumanoidRootPart
 HumanoidRootPart_k5_HumanoidRootPart = Instance.new("Pose")
HumanoidRootPart_k5_HumanoidRootPart.Name = "HumanoidRootPart"
HumanoidRootPart_k5_HumanoidRootPart.CFrame = cf(0.000000, 0.000000, 0.000000, 1.000000, 0.000000, 0.000000, 0.000000, 1.000000, 0.000000, 0.000000, 0.000000, 1.000000)
HumanoidRootPart_k5_HumanoidRootPart.Parent = keyframe5


--Torso
 Torso_k5_HumanoidRootPart_Torso = Instance.new("Pose")
Torso_k5_HumanoidRootPart_Torso.Name = "Torso"
Torso_k5_HumanoidRootPart_Torso.CFrame = cf(0.031283, -0.103101, -0.010453, 0.979710, -0.197965, 0.031271, 0.200168, 0.974303, -0.103273, -0.010023, 0.107437, 0.994161)
Torso_k5_HumanoidRootPart_Torso.Parent = HumanoidRootPart_k5_HumanoidRootPart


--Right Arm
 Right_Arm_k5_HumanoidRootPart_Torso_Replace = Instance.new("Pose")
Right_Arm_k5_HumanoidRootPart_Torso_Replace.Name = "Right Arm"
Right_Arm_k5_HumanoidRootPart_Torso_Replace.CFrame = cf(0.627593, -0.579984, -0.085025, -0.668650, -0.738435, 0.087307, 0.354115, -0.212984, 0.910626, -0.653843, 0.639806, 0.403903)
Right_Arm_k5_HumanoidRootPart_Torso_Replace.Parent = Torso_k5_HumanoidRootPart_Torso


--Left Arm
 Left_Arm_k5_HumanoidRootPart_Torso_Replace = Instance.new("Pose")
Left_Arm_k5_HumanoidRootPart_Torso_Replace.Name = "Left Arm"
Left_Arm_k5_HumanoidRootPart_Torso_Replace.CFrame = cf(-0.300948, -0.917461, 0.136224, -0.606504, 0.790562, -0.084645, -0.192958, -0.043077, 0.980261, 0.771311, 0.610864, 0.178672)
Left_Arm_k5_HumanoidRootPart_Torso_Replace.Parent = Torso_k5_HumanoidRootPart_Torso


--Right Leg
 Right_Leg_k5_HumanoidRootPart_Torso_Replace = Instance.new("Pose")
Right_Leg_k5_HumanoidRootPart_Torso_Replace.Name = "Right Leg"
Right_Leg_k5_HumanoidRootPart_Torso_Replace.CFrame = cf(-0.099023, -0.016348, -0.009048, 0.978925, -0.050688, -0.197828, 0.046430, 0.998581, -0.026085, 0.198870, 0.016349, 0.979890)
Right_Leg_k5_HumanoidRootPart_Torso_Replace.Parent = Torso_k5_HumanoidRootPart_Torso


--Left Leg
 Left_Leg_k5_HumanoidRootPart_Torso_Replace = Instance.new("Pose")
Left_Leg_k5_HumanoidRootPart_Torso_Replace.Name = "Left Leg"
Left_Leg_k5_HumanoidRootPart_Torso_Replace.CFrame = cf(-0.126094, 0.029314, -0.014973, 0.968946, 0.148328, -0.197845, -0.143929, 0.988914, 0.036493, 0.201065, -0.006883, 0.979554)
Left_Leg_k5_HumanoidRootPart_Torso_Replace.Parent = Torso_k5_HumanoidRootPart_Torso


--Head
 Head_k5_HumanoidRootPart_Torso_Head = Instance.new("Pose")
Head_k5_HumanoidRootPart_Torso_Head.Name = "Head"
Head_k5_HumanoidRootPart_Torso_Head.CFrame = cf(0.000000, 0.000000, 0.000000, 0.998329, -0.025641, 0.051784, 0.025980, 0.999645, -0.005881, -0.051614, 0.007216, 0.998641)
Head_k5_HumanoidRootPart_Torso_Head.Parent = Torso_k5_HumanoidRootPart_Torso


--RightUpperArm
 RightUpperArm_k5_RightUpperArm = Instance.new("Pose")
RightUpperArm_k5_RightUpperArm.Name = "RightUpperArm"
RightUpperArm_k5_RightUpperArm.CFrame = cf(0.083243, -0.898999, -0.433384, 0.403903, 0.639806, 0.653843, 0.910626, -0.212985, -0.354116, -0.087307, 0.738435, -0.668649)
RightUpperArm_k5_RightUpperArm.Parent = keyframe5


--LeftUpperArm
 LeftUpperArm_k5_LeftUpperArm = Instance.new("Pose")
LeftUpperArm_k5_LeftUpperArm.Name = "LeftUpperArm"
LeftUpperArm_k5_LeftUpperArm.CFrame = cf(-0.296881, -1.191790, -0.093030, 0.178672, -0.610864, -0.771311, -0.980261, -0.043077, -0.192958, 0.084645, 0.790563, -0.606503)
LeftUpperArm_k5_LeftUpperArm.Parent = keyframe5


--LeftHand
 LeftHand_k5_LeftHand = Instance.new("Pose")
LeftHand_k5_LeftHand.Name = "LeftHand"
LeftHand_k5_LeftHand.CFrame = cf(0.000500, 0.000100, 0.000000, 1.000000, -0.000000, 0.000000, -0.000000, 1.000000, 0.000001, -0.000000, -0.000000, 1.000000)
LeftHand_k5_LeftHand.Parent = keyframe5


-- Keyframe 6 (Time: 0.0833333358168602)
 keyframe6 = Instance.new("Keyframe")
keyframe6.Time = 0.0833333358168602
keyframe6.Parent = KeyframeSequence

--HumanoidRootPart
 HumanoidRootPart_k6_HumanoidRootPart = Instance.new("Pose")
HumanoidRootPart_k6_HumanoidRootPart.Name = "HumanoidRootPart"
HumanoidRootPart_k6_HumanoidRootPart.CFrame = cf(0.000000, 0.000000, 0.000000, 1.000000, 0.000000, 0.000000, 0.000000, 1.000000, 0.000000, 0.000000, 0.000000, 1.000000)
HumanoidRootPart_k6_HumanoidRootPart.Parent = keyframe6


--Torso
 Torso_k6_HumanoidRootPart_Torso = Instance.new("Pose")
Torso_k6_HumanoidRootPart_Torso.Name = "Torso"
Torso_k6_HumanoidRootPart_Torso.CFrame = cf(0.033170, -0.113857, -0.014002, 0.977543, -0.208113, 0.033151, 0.210568, 0.970895, -0.114121, -0.008436, 0.118539, 0.992914)
Torso_k6_HumanoidRootPart_Torso.Parent = HumanoidRootPart_k6_HumanoidRootPart


--Right Arm
 Right_Arm_k6_HumanoidRootPart_Torso_Replace = Instance.new("Pose")
Right_Arm_k6_HumanoidRootPart_Torso_Replace.Name = "Right Arm"
Right_Arm_k6_HumanoidRootPart_Torso_Replace.CFrame = cf(0.633163, -0.575492, -0.075968, -0.650517, -0.754928, 0.083145, 0.355857, -0.206251, 0.911497, -0.670965, 0.622531, 0.402816)
Right_Arm_k6_HumanoidRootPart_Torso_Replace.Parent = Torso_k6_HumanoidRootPart_Torso


--Left Arm
 Left_Arm_k6_HumanoidRootPart_Torso_Replace = Instance.new("Pose")
Left_Arm_k6_HumanoidRootPart_Torso_Replace.Name = "Left Arm"
Left_Arm_k6_HumanoidRootPart_Torso_Replace.CFrame = cf(-0.295986, -0.914756, 0.148876, -0.602859, 0.792125, -0.095396, -0.190657, -0.026926, 0.981287, 0.774733, 0.609765, 0.167257)
Left_Arm_k6_HumanoidRootPart_Torso_Replace.Parent = Torso_k6_HumanoidRootPart_Torso


--Right Leg
 Right_Leg_k6_HumanoidRootPart_Torso_Replace = Instance.new("Pose")
Right_Leg_k6_HumanoidRootPart_Torso_Replace.Name = "Right Leg"
Right_Leg_k6_HumanoidRootPart_Torso_Replace.CFrame = cf(-0.104270, -0.014230, -0.009954, 0.976354, -0.058838, -0.208019, 0.054309, 0.998148, -0.027402, 0.209246, 0.015456, 0.977741)
Right_Leg_k6_HumanoidRootPart_Torso_Replace.Parent = Torso_k6_HumanoidRootPart_Torso


--Left Leg
 Left_Leg_k6_HumanoidRootPart_Torso_Replace = Instance.new("Pose")
Left_Leg_k6_HumanoidRootPart_Torso_Replace.Name = "Left Leg"
Left_Leg_k6_HumanoidRootPart_Torso_Replace.CFrame = cf(-0.135665, 0.032885, -0.017292, 0.965039, 0.159602, -0.207915, -0.154873, 0.987167, 0.038919, 0.211458, -0.005357, 0.977372)
Left_Leg_k6_HumanoidRootPart_Torso_Replace.Parent = Torso_k6_HumanoidRootPart_Torso


--Head
 Head_k6_HumanoidRootPart_Torso_Head = Instance.new("Pose")
Head_k6_HumanoidRootPart_Torso_Head.Name = "Head"
Head_k6_HumanoidRootPart_Torso_Head.CFrame = cf(-0.000000, 0.000000, -0.000000, 0.997946, -0.036329, 0.052763, 0.037053, 0.999231, -0.012819, -0.052257, 0.014748, 0.998525)
Head_k6_HumanoidRootPart_Torso_Head.Parent = Torso_k6_HumanoidRootPart_Torso


--RightUpperArm
 RightUpperArm_k6_RightUpperArm = Instance.new("Pose")
RightUpperArm_k6_RightUpperArm.Name = "RightUpperArm"
RightUpperArm_k6_RightUpperArm.CFrame = cf(0.087758, -0.892736, -0.434618, 0.402816, 0.622531, 0.670965, 0.911497, -0.206251, -0.355858, -0.083145, 0.754928, -0.650516)
RightUpperArm_k6_RightUpperArm.Parent = keyframe6


--LeftUpperArm
 LeftUpperArm_k6_LeftUpperArm = Instance.new("Pose")
LeftUpperArm_k6_LeftUpperArm.Name = "LeftUpperArm"
LeftUpperArm_k6_LeftUpperArm.CFrame = cf(-0.309245, -1.184837, -0.087658, 0.167257, -0.609765, -0.774733, -0.981287, -0.026926, -0.190657, 0.095396, 0.792125, -0.602858)
LeftUpperArm_k6_LeftUpperArm.Parent = keyframe6


--LeftHand
 LeftHand_k6_LeftHand = Instance.new("Pose")
LeftHand_k6_LeftHand.Name = "LeftHand"
LeftHand_k6_LeftHand.CFrame = cf(0.000500, 0.000100, 0.000000, 1.000000, 0.000000, 0.000000, -0.000000, 1.000000, 0.000001, -0.000000, -0.000000, 1.000000)
LeftHand_k6_LeftHand.Parent = keyframe6


-- Keyframe 7 (Time: 0.10000000149011612)
 keyframe7 = Instance.new("Keyframe")
keyframe7.Time = 0.10000000149011612
keyframe7.Parent = KeyframeSequence

--HumanoidRootPart
 HumanoidRootPart_k7_HumanoidRootPart = Instance.new("Pose")
HumanoidRootPart_k7_HumanoidRootPart.Name = "HumanoidRootPart"
HumanoidRootPart_k7_HumanoidRootPart.CFrame = cf(0.000000, 0.000000, 0.000000, 1.000000, 0.000000, 0.000000, 0.000000, 1.000000, 0.000000, 0.000000, 0.000000, 1.000000)
HumanoidRootPart_k7_HumanoidRootPart.Parent = keyframe7


--Torso
 Torso_k7_HumanoidRootPart_Torso = Instance.new("Pose")
Torso_k7_HumanoidRootPart_Torso.Name = "Torso"
Torso_k7_HumanoidRootPart_Torso.CFrame = cf(0.035368, -0.125270, -0.018089, 0.975063, -0.219095, 0.035341, 0.221828, 0.966957, -0.125644, -0.006646, 0.130350, 0.991446)
Torso_k7_HumanoidRootPart_Torso.Parent = HumanoidRootPart_k7_HumanoidRootPart


--Right Arm
 Right_Arm_k7_HumanoidRootPart_Torso_Replace = Instance.new("Pose")
Right_Arm_k7_HumanoidRootPart_Torso_Replace.Name = "Right Arm"
Right_Arm_k7_HumanoidRootPart_Torso_Replace.CFrame = cf(0.638659, -0.570914, -0.065332, -0.629929, -0.772599, 0.079247, 0.357547, -0.197905, 0.912685, -0.689456, 0.603261, 0.400907)
Right_Arm_k7_HumanoidRootPart_Torso_Replace.Parent = Torso_k7_HumanoidRootPart_Torso


--Left Arm
 Left_Arm_k7_HumanoidRootPart_Torso_Replace = Instance.new("Pose")
Left_Arm_k7_HumanoidRootPart_Torso_Replace.Name = "Left Arm"
Left_Arm_k7_HumanoidRootPart_Torso_Replace.CFrame = cf(-0.290649, -0.911069, 0.162838, -0.599626, 0.793141, -0.106664, -0.188015, -0.010064, 0.982115, 0.777881, 0.608955, 0.155156)
Left_Arm_k7_HumanoidRootPart_Torso_Replace.Parent = Torso_k7_HumanoidRootPart_Torso


--Right Leg
 Right_Leg_k7_HumanoidRootPart_Torso_Replace = Instance.new("Pose")
Right_Leg_k7_HumanoidRootPart_Torso_Replace.Name = "Right Leg"
Right_Leg_k7_HumanoidRootPart_Torso_Replace.CFrame = cf(-0.099371, -0.011232, -0.008499, 0.973784, -0.061370, -0.219039, 0.056370, 0.997989, -0.028995, 0.220378, 0.015887, 0.975285)
Right_Leg_k7_HumanoidRootPart_Torso_Replace.Parent = Torso_k7_HumanoidRootPart_Torso


--Left Leg
 Left_Leg_k7_HumanoidRootPart_Torso_Replace = Instance.new("Pose")
Left_Leg_k7_HumanoidRootPart_Torso_Replace.Name = "Left Leg"
Left_Leg_k7_HumanoidRootPart_Torso_Replace.CFrame = cf(-0.146535, 0.037147, -0.020110, 0.960623, 0.171266, -0.218798, -0.166143, 0.985218, 0.041729, 0.222710, -0.003733, 0.974877)
Left_Leg_k7_HumanoidRootPart_Torso_Replace.Parent = Torso_k7_HumanoidRootPart_Torso


--Head
 Head_k7_HumanoidRootPart_Torso_Head = Instance.new("Pose")
Head_k7_HumanoidRootPart_Torso_Head.Name = "Head"
Head_k7_HumanoidRootPart_Torso_Head.CFrame = cf(-0.000000, -0.000000, -0.000000, 0.997467, -0.046913, 0.053463, 0.048078, 0.998629, -0.020714, -0.052418, 0.023232, 0.998355)
Head_k7_HumanoidRootPart_Torso_Head.Parent = Torso_k7_HumanoidRootPart_Torso


--RightUpperArm
 RightUpperArm_k7_RightUpperArm = Instance.new("Pose")
RightUpperArm_k7_RightUpperArm.Name = "RightUpperArm"
RightUpperArm_k7_RightUpperArm.CFrame = cf(0.093326, -0.885964, -0.435465, 0.400907, 0.603261, 0.689456, 0.912685, -0.197905, -0.357548, -0.079247, 0.772599, -0.629929)
RightUpperArm_k7_RightUpperArm.Parent = keyframe7


--LeftUpperArm
 LeftUpperArm_k7_LeftUpperArm = Instance.new("Pose")
LeftUpperArm_k7_LeftUpperArm.Name = "LeftUpperArm"
LeftUpperArm_k7_LeftUpperArm.CFrame = cf(-0.322993, -1.176717, -0.082053, 0.155157, -0.608955, -0.777882, -0.982115, -0.010064, -0.188015, 0.106664, 0.793141, -0.599626)
LeftUpperArm_k7_LeftUpperArm.Parent = keyframe7


--LeftHand
 LeftHand_k7_LeftHand = Instance.new("Pose")
LeftHand_k7_LeftHand.Name = "LeftHand"
LeftHand_k7_LeftHand.CFrame = cf(0.000500, 0.000100, 0.000000, 1.000000, -0.000000, 0.000000, 0.000000, 1.000000, 0.000001, -0.000000, -0.000000, 1.000000)
LeftHand_k7_LeftHand.Parent = keyframe7


-- Keyframe 8 (Time: 0.11666666716337204)
 keyframe8 = Instance.new("Keyframe")
keyframe8.Time = 0.11666666716337204
keyframe8.Parent = KeyframeSequence

--HumanoidRootPart
 HumanoidRootPart_k8_HumanoidRootPart = Instance.new("Pose")
HumanoidRootPart_k8_HumanoidRootPart.Name = "HumanoidRootPart"
HumanoidRootPart_k8_HumanoidRootPart.CFrame = cf(0.000000, 0.000000, 0.000000, 1.000000, 0.000000, 0.000000, 0.000000, 1.000000, 0.000000, 0.000000, 0.000000, 1.000000)
HumanoidRootPart_k8_HumanoidRootPart.Parent = keyframe8


--Torso
 Torso_k8_HumanoidRootPart_Torso = Instance.new("Pose")
Torso_k8_HumanoidRootPart_Torso.Name = "Torso"
Torso_k8_HumanoidRootPart_Torso.CFrame = cf(0.037803, -0.136714, -0.022579, 0.972363, -0.230399, 0.037767, 0.233426, 0.962645, -0.137213, -0.004743, 0.142236, 0.989821)
Torso_k8_HumanoidRootPart_Torso.Parent = HumanoidRootPart_k8_HumanoidRootPart


--Right Arm
 Right_Arm_k8_HumanoidRootPart_Torso_Replace = Instance.new("Pose")
Right_Arm_k8_HumanoidRootPart_Torso_Replace.Name = "Right Arm"
Right_Arm_k8_HumanoidRootPart_Torso_Replace.CFrame = cf(0.643604, -0.566570, -0.053329, -0.607571, -0.790614, 0.076076, 0.359011, -0.187923, 0.914219, -0.708498, 0.582764, 0.398016)
Right_Arm_k8_HumanoidRootPart_Torso_Replace.Parent = Torso_k8_HumanoidRootPart_Torso


--Left Arm
 Left_Arm_k8_HumanoidRootPart_Torso_Replace = Instance.new("Pose")
Left_Arm_k8_HumanoidRootPart_Torso_Replace.Name = "Left Arm"
Left_Arm_k8_HumanoidRootPart_Torso_Replace.CFrame = cf(-0.285239, -0.906314, 0.177545, -0.597250, 0.793367, -0.117737, -0.185147, 0.006453, 0.982690, 0.780393, 0.608709, 0.143036)
Left_Arm_k8_HumanoidRootPart_Torso_Replace.Parent = Torso_k8_HumanoidRootPart_Torso


--Right Leg
 Right_Leg_k8_HumanoidRootPart_Torso_Replace = Instance.new("Pose")
Right_Leg_k8_HumanoidRootPart_Torso_Replace.Name = "Right Leg"
Right_Leg_k8_HumanoidRootPart_Torso_Replace.CFrame = cf(-0.090844, -0.007727, -0.005893, 0.971144, -0.061669, -0.230382, 0.056062, 0.997952, -0.030795, 0.231810, 0.016990, 0.972613)
Right_Leg_k8_HumanoidRootPart_Torso_Replace.Parent = Torso_k8_HumanoidRootPart_Torso


--Left Leg
 Left_Leg_k8_HumanoidRootPart_Torso_Replace = Instance.new("Pose")
Left_Leg_k8_HumanoidRootPart_Torso_Replace.Name = "Left Leg"
Left_Leg_k8_HumanoidRootPart_Torso_Replace.CFrame = cf(-0.157725, 0.041923, -0.023240, 0.955844, 0.182952, -0.229984, -0.177384, 0.983120, 0.044826, 0.234303, -0.002050, 0.972161)
Left_Leg_k8_HumanoidRootPart_Torso_Replace.Parent = Torso_k8_HumanoidRootPart_Torso


--Head
 Head_k8_HumanoidRootPart_Torso_Head = Instance.new("Pose")
Head_k8_HumanoidRootPart_Torso_Head.Name = "Head"
Head_k8_HumanoidRootPart_Torso_Head.CFrame = cf(0.000000, -0.000000, -0.000000, 0.996959, -0.056498, 0.053675, 0.058131, 0.997877, -0.029363, -0.051902, 0.032394, 0.998127)
Head_k8_HumanoidRootPart_Torso_Head.Parent = Torso_k8_HumanoidRootPart_Torso


--RightUpperArm
 RightUpperArm_k8_RightUpperArm = Instance.new("Pose")
RightUpperArm_k8_RightUpperArm.Name = "RightUpperArm"
RightUpperArm_k8_RightUpperArm.CFrame = cf(0.099938, -0.878994, -0.435672, 0.398016, 0.582764, 0.708498, 0.914219, -0.187923, -0.359011, -0.076076, 0.790614, -0.607570)
RightUpperArm_k8_RightUpperArm.Parent = keyframe8


--LeftUpperArm
 LeftUpperArm_k8_LeftUpperArm = Instance.new("Pose")
LeftUpperArm_k8_LeftUpperArm.Name = "LeftUpperArm"
LeftUpperArm_k8_LeftUpperArm.CFrame = cf(-0.337636, -1.167617, -0.076584, 0.143036, -0.608709, -0.780393, -0.982690, 0.006453, -0.185147, 0.117737, 0.793367, -0.597250)
LeftUpperArm_k8_LeftUpperArm.Parent = keyframe8


--LeftHand
 LeftHand_k8_LeftHand = Instance.new("Pose")
LeftHand_k8_LeftHand.Name = "LeftHand"
LeftHand_k8_LeftHand.CFrame = cf(0.000500, 0.000100, 0.000000, 1.000000, 0.000000, 0.000000, 0.000000, 1.000000, 0.000001, -0.000000, -0.000000, 1.000000)
LeftHand_k8_LeftHand.Parent = keyframe8


-- Keyframe 9 (Time: 0.13333334028720856)
 keyframe9 = Instance.new("Keyframe")
keyframe9.Time = 0.13333334028720856
keyframe9.Parent = KeyframeSequence

--HumanoidRootPart
 HumanoidRootPart_k9_HumanoidRootPart = Instance.new("Pose")
HumanoidRootPart_k9_HumanoidRootPart.Name = "HumanoidRootPart"
HumanoidRootPart_k9_HumanoidRootPart.CFrame = cf(0.000000, 0.000000, 0.000000, 1.000000, 0.000000, 0.000000, 0.000000, 1.000000, 0.000000, 0.000000, 0.000000, 1.000000)
HumanoidRootPart_k9_HumanoidRootPart.Parent = keyframe9


--Torso
 Torso_k9_HumanoidRootPart_Torso = Instance.new("Pose")
Torso_k9_HumanoidRootPart_Torso.Name = "Torso"
Torso_k9_HumanoidRootPart_Torso.CFrame = cf(0.040373, -0.147568, -0.027308, 0.969557, -0.241523, 0.040328, 0.244851, 0.958167, -0.148206, -0.002845, 0.153569, 0.988134)
Torso_k9_HumanoidRootPart_Torso.Parent = HumanoidRootPart_k9_HumanoidRootPart


--Right Arm
 Right_Arm_k9_HumanoidRootPart_Torso_Replace = Instance.new("Pose")
Right_Arm_k9_HumanoidRootPart_Torso_Replace.Name = "Right Arm"
Right_Arm_k9_HumanoidRootPart_Torso_Replace.CFrame = cf(0.647540, -0.562769, -0.040203, -0.584209, -0.808214, 0.074101, 0.360085, -0.176289, 0.916112, -0.727351, 0.561883, 0.394015)
Right_Arm_k9_HumanoidRootPart_Torso_Replace.Parent = Torso_k9_HumanoidRootPart_Torso


--Left Arm
 Left_Arm_k9_HumanoidRootPart_Torso_Replace = Instance.new("Pose")
Left_Arm_k9_HumanoidRootPart_Torso_Replace.Name = "Left Arm"
Left_Arm_k9_HumanoidRootPart_Torso_Replace.CFrame = cf(-0.280076, -0.900436, 0.192426, -0.596170, 0.792608, -0.127888, -0.182196, 0.021572, 0.983026, 0.781912, 0.609350, 0.131549)
Left_Arm_k9_HumanoidRootPart_Torso_Replace.Parent = Torso_k9_HumanoidRootPart_Torso


--Right Leg
 Right_Leg_k9_HumanoidRootPart_Torso_Replace = Instance.new("Pose")
Right_Leg_k9_HumanoidRootPart_Torso_Replace.Name = "Right Leg"
Right_Leg_k9_HumanoidRootPart_Torso_Replace.CFrame = cf(-0.081362, -0.003978, -0.002698, 0.968474, -0.060929, -0.241548, 0.054619, 0.997971, -0.032723, 0.243051, 0.018498, 0.969837)
Right_Leg_k9_HumanoidRootPart_Torso_Replace.Parent = Torso_k9_HumanoidRootPart_Torso


--Left Leg
 Left_Leg_k9_HumanoidRootPart_Torso_Replace = Instance.new("Pose")
Left_Leg_k9_HumanoidRootPart_Torso_Replace.Name = "Left Leg"
Left_Leg_k9_HumanoidRootPart_Torso_Replace.CFrame = cf(-0.169293, 0.047183, -0.026697, 0.951001, 0.193719, -0.240978, -0.187656, 0.981057, 0.048078, 0.245727, -0.000500, 0.969339)
Left_Leg_k9_HumanoidRootPart_Torso_Replace.Parent = Torso_k9_HumanoidRootPart_Torso


--Head
 Head_k9_HumanoidRootPart_Torso_Head = Instance.new("Pose")
Head_k9_HumanoidRootPart_Torso_Head.Name = "Head"
Head_k9_HumanoidRootPart_Torso_Head.CFrame = cf(0.000000, -0.000000, 0.000000, 0.996520, -0.064196, 0.053169, 0.066289, 0.997055, -0.038567, -0.050537, 0.041958, 0.997840)
Head_k9_HumanoidRootPart_Torso_Head.Parent = Torso_k9_HumanoidRootPart_Torso


--RightUpperArm
 RightUpperArm_k9_RightUpperArm = Instance.new("Pose")
RightUpperArm_k9_RightUpperArm.Name = "RightUpperArm"
RightUpperArm_k9_RightUpperArm.CFrame = cf(0.107573, -0.872134, -0.434980, 0.394015, 0.561883, 0.727351, 0.916112, -0.176290, -0.360085, -0.074101, 0.808214, -0.584208)
RightUpperArm_k9_RightUpperArm.Parent = keyframe9


--LeftUpperArm
 LeftUpperArm_k9_LeftUpperArm = Instance.new("Pose")
LeftUpperArm_k9_LeftUpperArm.Name = "LeftUpperArm"
LeftUpperArm_k9_LeftUpperArm.CFrame = cf(-0.352685, -1.157762, -0.071621, 0.131549, -0.609350, -0.781912, -0.983026, 0.021572, -0.182196, 0.127888, 0.792608, -0.596169)
LeftUpperArm_k9_LeftUpperArm.Parent = keyframe9


--LeftHand
 LeftHand_k9_LeftHand = Instance.new("Pose")
LeftHand_k9_LeftHand.Name = "LeftHand"
LeftHand_k9_LeftHand.CFrame = cf(0.000500, 0.000100, 0.000000, 1.000000, 0.000000, 0.000000, -0.000000, 1.000000, 0.000001, -0.000000, -0.000000, 1.000000)
LeftHand_k9_LeftHand.Parent = keyframe9


-- Keyframe 10 (Time: 0.15000000596046448)
 keyframe10 = Instance.new("Keyframe")
keyframe10.Time = 0.15000000596046448
keyframe10.Parent = KeyframeSequence

--HumanoidRootPart
 HumanoidRootPart_k10_HumanoidRootPart = Instance.new("Pose")
HumanoidRootPart_k10_HumanoidRootPart.Name = "HumanoidRootPart"
HumanoidRootPart_k10_HumanoidRootPart.CFrame = cf(0.000000, 0.000000, 0.000000, 1.000000, 0.000000, 0.000000, 0.000000, 1.000000, 0.000000, 0.000000, 0.000000, 1.000000)
HumanoidRootPart_k10_HumanoidRootPart.Parent = keyframe10


--Torso
 Torso_k10_HumanoidRootPart_Torso = Instance.new("Pose")
Torso_k10_HumanoidRootPart_Torso.Name = "Torso"
Torso_k10_HumanoidRootPart_Torso.CFrame = cf(0.042953, -0.157223, -0.032085, 0.966782, -0.251978, 0.042897, 0.255601, 0.953782, -0.158015, -0.001098, 0.163730, 0.986505)
Torso_k10_HumanoidRootPart_Torso.Parent = HumanoidRootPart_k10_HumanoidRootPart


--Right Arm
 Right_Arm_k10_HumanoidRootPart_Torso_Replace = Instance.new("Pose")
Right_Arm_k10_HumanoidRootPart_Torso_Replace.Name = "Right Arm"
Right_Arm_k10_HumanoidRootPart_Torso_Replace.CFrame = cf(0.650033, -0.559809, -0.026233, -0.560691, -0.824731, 0.073792, 0.360623, -0.162998, 0.918359, -0.745370, 0.541526, 0.388808)
Right_Arm_k10_HumanoidRootPart_Torso_Replace.Parent = Torso_k10_HumanoidRootPart_Torso


--Left Arm
 Left_Arm_k10_HumanoidRootPart_Torso_Replace = Instance.new("Pose")
Left_Arm_k10_HumanoidRootPart_Torso_Replace.Name = "Left Arm"
Left_Arm_k10_HumanoidRootPart_Torso_Replace.CFrame = cf(-0.275493, -0.893409, 0.206902, -0.596813, 0.790703, -0.136390, -0.179318, 0.034247, 0.983195, 0.782086, 0.611241, 0.121348)
Left_Arm_k10_HumanoidRootPart_Torso_Replace.Parent = Torso_k10_HumanoidRootPart_Torso


--Right Leg
 Right_Leg_k10_HumanoidRootPart_Torso_Replace = Instance.new("Pose")
Right_Leg_k10_HumanoidRootPart_Torso_Replace.Name = "Right Leg"
Right_Leg_k10_HumanoidRootPart_Torso_Replace.CFrame = cf(-0.072286, -0.000202, 0.000703, 0.965879, -0.059601, -0.252043, 0.052531, 0.998017, -0.034679, 0.253610, 0.020255, 0.967094)
Right_Leg_k10_HumanoidRootPart_Torso_Replace.Parent = Torso_k10_HumanoidRootPart_Torso


--Left Leg
 Left_Leg_k10_HumanoidRootPart_Torso_Replace = Instance.new("Pose")
Left_Leg_k10_HumanoidRootPart_Torso_Replace.Name = "Left Leg"
Left_Leg_k10_HumanoidRootPart_Torso_Replace.CFrame = cf(-0.181418, 0.052915, -0.030513, 0.946472, 0.202583, -0.251300, -0.195972, 0.979265, 0.051321, 0.256486, 0.000674, 0.966548)
Left_Leg_k10_HumanoidRootPart_Torso_Replace.Parent = Torso_k10_HumanoidRootPart_Torso


--Head
 Head_k10_HumanoidRootPart_Torso_Head = Instance.new("Pose")
Head_k10_HumanoidRootPart_Torso_Head.Name = "Head"
Head_k10_HumanoidRootPart_Torso_Head.CFrame = cf(0.000000, -0.000000, -0.000000, 0.996268, -0.069127, 0.051694, 0.071625, 0.996270, -0.048127, -0.048175, 0.051650, 0.997503)
Head_k10_HumanoidRootPart_Torso_Head.Parent = Torso_k10_HumanoidRootPart_Torso


--RightUpperArm
 RightUpperArm_k10_RightUpperArm = Instance.new("Pose")
RightUpperArm_k10_RightUpperArm.Name = "RightUpperArm"
RightUpperArm_k10_RightUpperArm.CFrame = cf(0.116189, -0.865678, -0.433129, 0.388808, 0.541526, 0.745370, 0.918359, -0.162998, -0.360623, -0.073792, 0.824731, -0.560691)
RightUpperArm_k10_RightUpperArm.Parent = keyframe10


--LeftUpperArm
 LeftUpperArm_k10_LeftUpperArm = Instance.new("Pose")
LeftUpperArm_k10_LeftUpperArm.Name = "LeftUpperArm"
LeftUpperArm_k10_LeftUpperArm.CFrame = cf(-0.367658, -1.147402, -0.067538, 0.121348, -0.611241, -0.782086, -0.983195, 0.034247, -0.179318, 0.136390, 0.790704, -0.596813)
LeftUpperArm_k10_LeftUpperArm.Parent = keyframe10


--LeftHand
 LeftHand_k10_LeftHand = Instance.new("Pose")
LeftHand_k10_LeftHand.Name = "LeftHand"
LeftHand_k10_LeftHand.CFrame = cf(0.000500, 0.000100, -0.000000, 1.000000, 0.000000, 0.000000, -0.000000, 1.000000, 0.000001, -0.000000, -0.000000, 1.000000)
LeftHand_k10_LeftHand.Parent = keyframe10


-- Keyframe 11 (Time: 0.1666666716337204)
 keyframe11 = Instance.new("Keyframe")
keyframe11.Time = 0.1666666716337204
keyframe11.Parent = KeyframeSequence

--HumanoidRootPart
 HumanoidRootPart_k11_HumanoidRootPart = Instance.new("Pose")
HumanoidRootPart_k11_HumanoidRootPart.Name = "HumanoidRootPart"
HumanoidRootPart_k11_HumanoidRootPart.CFrame = cf(0.000000, 0.000000, 0.000000, 1.000000, 0.000000, 0.000000, 0.000000, 1.000000, 0.000000, 0.000000, 0.000000, 1.000000)
HumanoidRootPart_k11_HumanoidRootPart.Parent = keyframe11


--Torso
 Torso_k11_HumanoidRootPart_Torso = Instance.new("Pose")
Torso_k11_HumanoidRootPart_Torso.Name = "Torso"
Torso_k11_HumanoidRootPart_Torso.CFrame = cf(0.045395, -0.165080, -0.036695, 0.964197, -0.261285, 0.045327, 0.265187, 0.949793, -0.166037, 0.000332, 0.172113, 0.985077)
Torso_k11_HumanoidRootPart_Torso.Parent = HumanoidRootPart_k11_HumanoidRootPart


--Right Arm
 Right_Arm_k11_HumanoidRootPart_Torso_Replace = Instance.new("Pose")
Right_Arm_k11_HumanoidRootPart_Torso_Replace.Name = "Right Arm"
