-- KeyframeSequence Export: Emote
-- Generated on 2026-03-14 15:31:50

local KeyframeSequence = Instance.new("KeyframeSequence")
KeyframeSequence.Name = "Emote"
local cf=CFrame.new

-- Keyframe 1 (Time: 0)
 keyframe1 = Instance.new("Keyframe")
keyframe1.Time = 0
keyframe1.Parent = KeyframeSequence

--HumanoidRootPart
HumanoidRootPart_k1_HumanoidRootPart = Instance.new("Pose")
HumanoidRootPart_k1_HumanoidRootPart.Name = "HumanoidRootPart"
HumanoidRootPart_k1_HumanoidRootPart.CFrame = cf(0.000000, 0.000000, 0.000000, 1.000000, 0.000000, 0.000000, 0.000000, 1.000000, 0.000000, 0.000000, 0.000000, 1.000000)
HumanoidRootPart_k1_HumanoidRootPart.Parent = keyframe1



--ishipu2
ishipu2_k1_HumanoidRootPart_ishipu2 = Instance.new("Pose")
ishipu2_k1_HumanoidRootPart_ishipu2.Name = "ishipu2"
ishipu2_k1_HumanoidRootPart_ishipu2.CFrame = cf(-0.952469, -136.839966, 0.000000, 1.000000, 0.000000, 0.000000, 0.000000, 1.000000, 0.000000, 0.000000, 0.000000, 1.000000)
ishipu2_k1_HumanoidRootPart_ishipu2.Parent = HumanoidRootPart_k1_HumanoidRootPart



--Torso
Torso_k1_HumanoidRootPart_Torso = Instance.new("Pose")
Torso_k1_HumanoidRootPart_Torso.Name = "Torso"
Torso_k1_HumanoidRootPart_Torso.CFrame = cf(2.151814, -0.000003, -0.000001, 0.606708, 0.793142, -0.053215, -0.794925, 0.605347, -0.040615, 0.000000, 0.066944, 0.997757)
Torso_k1_HumanoidRootPart_Torso.Parent = HumanoidRootPart_k1_HumanoidRootPart



--Left Leg
Left_Leg_k1_HumanoidRootPart_Torso_Left_Leg = Instance.new("Pose")
Left_Leg_k1_HumanoidRootPart_Torso_Left_Leg.Name = "Left Leg"
Left_Leg_k1_HumanoidRootPart_Torso_Left_Leg.CFrame = cf(0.000000, 0.000000, 0.000000, 0.982698, -0.016257, 0.184500, 0.000000, 0.996141, 0.087772, -0.185215, -0.086253, 0.978905)
Left_Leg_k1_HumanoidRootPart_Torso_Left_Leg.Parent = Torso_k1_HumanoidRootPart_Torso



--Head
Head_k1_HumanoidRootPart_Torso_Head = Instance.new("Pose")
Head_k1_HumanoidRootPart_Torso_Head.Name = "Head"
Head_k1_HumanoidRootPart_Torso_Head.CFrame = cf(0.000000, 0.000000, 0.000000, 0.844205, 0.536021, 0.000000, -0.536007, 0.844183, -0.007229, -0.003875, 0.006103, 0.999974)
Head_k1_HumanoidRootPart_Torso_Head.Parent = Torso_k1_HumanoidRootPart_Torso



--Left Arm
Left_Arm_k1_HumanoidRootPart_Torso_Left_Arm = Instance.new("Pose")
Left_Arm_k1_HumanoidRootPart_Torso_Left_Arm.Name = "Left Arm"
Left_Arm_k1_HumanoidRootPart_Torso_Left_Arm.CFrame = cf(0.133762, -0.155152, -0.188486, 0.211475, -0.034572, 0.976772, 0.324673, 0.945108, -0.036841, -0.921881, 0.324923, 0.211092)
Left_Arm_k1_HumanoidRootPart_Torso_Left_Arm.Parent = Torso_k1_HumanoidRootPart_Torso



--Right Arm
Right_Arm_k1_HumanoidRootPart_Torso_Right_Arm = Instance.new("Pose")
Right_Arm_k1_HumanoidRootPart_Torso_Right_Arm.Name = "Right Arm"
Right_Arm_k1_HumanoidRootPart_Torso_Right_Arm.CFrame = cf(0.243325, -0.658848, 0.151634, -0.612786, -0.366013, 0.700377, 0.320148, -0.925268, -0.203430, 0.722494, 0.099566, 0.684170)
Right_Arm_k1_HumanoidRootPart_Torso_Right_Arm.Parent = Torso_k1_HumanoidRootPart_Torso



--Right Leg
Right_Leg_k1_HumanoidRootPart_Torso_Right_Leg = Instance.new("Pose")
Right_Leg_k1_HumanoidRootPart_Torso_Right_Leg.Name = "Right Leg"
Right_Leg_k1_HumanoidRootPart_Torso_Right_Leg.CFrame = cf(0.000000, 0.000000, 0.000000, 0.945087, -0.115004, -0.305916, 0.120795, 0.992678, 0.000000, 0.303676, -0.036953, 0.952058)
Right_Leg_k1_HumanoidRootPart_Torso_Right_Leg.Parent = Torso_k1_HumanoidRootPart_Torso



--Guy
Guy_k1_HumanoidRootPart_Guy = Instance.new("Pose")
Guy_k1_HumanoidRootPart_Guy.Name = "Guy"
Guy_k1_HumanoidRootPart_Guy.CFrame = cf(-4.848491, -114.060356, -2.090038, -0.461060, 0.000000, -0.887369, 0.000000, 1.000000, 0.000000, 0.887369, 0.000000, -0.461060)
Guy_k1_HumanoidRootPart_Guy.Parent = HumanoidRootPart_k1_HumanoidRootPart



--Main
Main_k1_HumanoidRootPart_Main = Instance.new("Pose")
Main_k1_HumanoidRootPart_Main.Name = "Main"
Main_k1_HumanoidRootPart_Main.CFrame = cf(0.000000, -142.877548, 0.000000, 1.000000, 0.000000, 0.000000, 0.000000, 1.000000, 0.000000, 0.000000, 0.000000, 1.000000)
Main_k1_HumanoidRootPart_Main.Parent = HumanoidRootPart_k1_HumanoidRootPart



--Wall
Wall_k1_HumanoidRootPart_Wall = Instance.new("Pose")
Wall_k1_HumanoidRootPart_Wall.Name = "Wall"
Wall_k1_HumanoidRootPart_Wall.CFrame = cf(0.000000, -119.299660, 0.000000, 1.000000, 0.000000, 0.000000, 0.000000, 1.000000, 0.000000, 0.000000, 0.000000, 1.000000)
Wall_k1_HumanoidRootPart_Wall.Parent = HumanoidRootPart_k1_HumanoidRootPart



--Kasane_Teto
Kasane_Teto_k1_HumanoidRootPart_Kasane_Teto = Instance.new("Pose")
Kasane_Teto_k1_HumanoidRootPart_Kasane_Teto.Name = "Kasane_Teto"
Kasane_Teto_k1_HumanoidRootPart_Kasane_Teto.CFrame = cf(1.529893, 0.302708, -0.000002, 0.766221, -0.048480, 0.640746, 0.037190, 0.998824, 0.031100, -0.641500, 0.000000, 0.767123)
Kasane_Teto_k1_HumanoidRootPart_Kasane_Teto.Parent = HumanoidRootPart_k1_HumanoidRootPart



--Talking
Talking_k1_HumanoidRootPart_Talking = Instance.new("Pose")
Talking_k1_HumanoidRootPart_Talking.Name = "Talking"
Talking_k1_HumanoidRootPart_Talking.CFrame = cf(0.038837, 1.778802, 0.122676, 1.000000, 0.000000, 0.000000, 0.000000, 1.000000, 0.000000, 0.000000, 0.000000, 1.000000)
Talking_k1_HumanoidRootPart_Talking.Parent = HumanoidRootPart_k1_HumanoidRootPart



-- Keyframe 2 (Time: 0.03333333507180214)
 keyframe2 = Instance.new("Keyframe")
keyframe2.Time = 0.03333333507180214
keyframe2.Parent = KeyframeSequence

--HumanoidRootPart
HumanoidRootPart_k2_HumanoidRootPart = Instance.new("Pose")
HumanoidRootPart_k2_HumanoidRootPart.Name = "HumanoidRootPart"
HumanoidRootPart_k2_HumanoidRootPart.CFrame = cf(0.000000, 0.000000, 0.000000, 1.000000, 0.000000, 0.000000, 0.000000, 1.000000, 0.000000, 0.000000, 0.000000, 1.000000)
HumanoidRootPart_k2_HumanoidRootPart.Parent = keyframe2



--Torso
Torso_k2_HumanoidRootPart_Torso = Instance.new("Pose")
Torso_k2_HumanoidRootPart_Torso.Name = "Torso"
Torso_k2_HumanoidRootPart_Torso.CFrame = cf(2.151817, 0.000001, 0.009488, 0.606642, 0.792071, -0.067891, -0.794925, 0.605347, -0.040615, 0.008927, 0.078607, 0.996866)
Torso_k2_HumanoidRootPart_Torso.Parent = HumanoidRootPart_k2_HumanoidRootPart



--Left Leg
Left_Leg_k2_HumanoidRootPart_Torso_Left_Leg = Instance.new("Pose")
Left_Leg_k2_HumanoidRootPart_Torso_Left_Leg.Name = "Left Leg"
Left_Leg_k2_HumanoidRootPart_Torso_Left_Leg.CFrame = cf(-0.001207, -0.016717, -0.000064, 0.982734, 0.001318, 0.185020, -0.014786, 0.997336, 0.071428, -0.184432, -0.072931, 0.980136)
Left_Leg_k2_HumanoidRootPart_Torso_Left_Leg.Parent = Torso_k2_HumanoidRootPart_Torso



--Right Leg
Right_Leg_k2_HumanoidRootPart_Torso_Right_Leg = Instance.new("Pose")
Right_Leg_k2_HumanoidRootPart_Torso_Right_Leg.Name = "Right Leg"
Right_Leg_k2_HumanoidRootPart_Torso_Right_Leg.CFrame = cf(-0.000379, 0.003399, -0.000120, 0.942331, -0.133515, -0.306900, 0.142782, 0.989724, 0.007833, 0.302700, -0.051201, 0.951710)
Right_Leg_k2_HumanoidRootPart_Torso_Right_Leg.Parent = Torso_k2_HumanoidRootPart_Torso



-- Keyframe 3 (Time: 0.0833333358168602)
 keyframe3 = Instance.new("Keyframe")
keyframe3.Time = 0.0833333358168602
keyframe3.Parent = KeyframeSequence

--HumanoidRootPart
HumanoidRootPart_k3_HumanoidRootPart = Instance.new("Pose")
HumanoidRootPart_k3_HumanoidRootPart.Name = "HumanoidRootPart"
HumanoidRootPart_k3_HumanoidRootPart.CFrame = cf(0.000000, 0.000000, 0.000000, 1.000000, 0.000000, 0.000000, 0.000000, 1.000000, 0.000000, 0.000000, 0.000000, 1.000000)
HumanoidRootPart_k3_HumanoidRootPart.Parent = keyframe3



--Torso
Torso_k3_HumanoidRootPart_Torso = Instance.new("Pose")
Torso_k3_HumanoidRootPart_Torso.Name = "Torso"
Torso_k3_HumanoidRootPart_Torso.CFrame = cf(2.151817, 0.000001, 0.009488, 0.606642, 0.792071, -0.067891, -0.794925, 0.605347, -0.040615, 0.008927, 0.078607, 0.996866)
Torso_k3_HumanoidRootPart_Torso.Parent = HumanoidRootPart_k3_HumanoidRootPart



--Left Leg
Left_Leg_k3_HumanoidRootPart_Torso_Left_Leg = Instance.new("Pose")
Left_Leg_k3_HumanoidRootPart_Torso_Left_Leg.Name = "Left Leg"
Left_Leg_k3_HumanoidRootPart_Torso_Left_Leg.CFrame = cf(-0.001810, -0.026739, -0.000008, 0.982698, -0.016266, 0.184500, 0.000008, 0.996140, 0.087781, -0.185216, -0.086261, 0.978905)
Left_Leg_k3_HumanoidRootPart_Torso_Left_Leg.Parent = Torso_k3_HumanoidRootPart_Torso



--Head
Head_k3_HumanoidRootPart_Torso_Head = Instance.new("Pose")
Head_k3_HumanoidRootPart_Torso_Head.Name = "Head"
Head_k3_HumanoidRootPart_Torso_Head.CFrame = cf(-0.000004, -0.000007, 0.000000, 0.842879, 0.537180, 0.031529, -0.538041, 0.842229, 0.034103, -0.008235, -0.045708, 0.998921)
Head_k3_HumanoidRootPart_Torso_Head.Parent = Torso_k3_HumanoidRootPart_Torso



--Right Arm
Right_Arm_k3_HumanoidRootPart_Torso_Right_Arm = Instance.new("Pose")
Right_Arm_k3_HumanoidRootPart_Torso_Right_Arm.Name = "Right Arm"
Right_Arm_k3_HumanoidRootPart_Torso_Right_Arm.CFrame = cf(0.246027, -0.698621, 0.151664, -0.577774, -0.454103, 0.678210, 0.323545, -0.890290, -0.320472, 0.749331, 0.034271, 0.661309)
Right_Arm_k3_HumanoidRootPart_Torso_Right_Arm.Parent = Torso_k3_HumanoidRootPart_Torso



--Right Leg
Right_Leg_k3_HumanoidRootPart_Torso_Right_Leg = Instance.new("Pose")
Right_Leg_k3_HumanoidRootPart_Torso_Right_Leg.Name = "Right Leg"
Right_Leg_k3_HumanoidRootPart_Torso_Right_Leg.CFrame = cf(0.001911, -0.028020, 0.000018, 0.945125, -0.114732, -0.305903, 0.120472, 0.992717, -0.000115, 0.303688, -0.036744, 0.952063)
Right_Leg_k3_HumanoidRootPart_Torso_Right_Leg.Parent = Torso_k3_HumanoidRootPart_Torso



--Kasane_Teto
Kasane_Teto_k3_HumanoidRootPart_Kasane_Teto = Instance.new("Pose")
Kasane_Teto_k3_HumanoidRootPart_Kasane_Teto.Name = "Kasane_Teto"
Kasane_Teto_k3_HumanoidRootPart_Kasane_Teto.CFrame = cf(1.529890, 0.256699, -0.000005, 0.763693, -0.094461, 0.638632, 0.072463, 0.995529, 0.060597, -0.641500, 0.000000, 0.767123)
Kasane_Teto_k3_HumanoidRootPart_Kasane_Teto.Parent = HumanoidRootPart_k3_HumanoidRootPart



-- Keyframe 4 (Time: 0.13333334028720856)
 keyframe4 = Instance.new("Keyframe")
keyframe4.Time = 0.13333334028720856
keyframe4.Parent = KeyframeSequence

--HumanoidRootPart
HumanoidRootPart_k4_HumanoidRootPart = Instance.new("Pose")
HumanoidRootPart_k4_HumanoidRootPart.Name = "HumanoidRootPart"
HumanoidRootPart_k4_HumanoidRootPart.CFrame = cf(0.000000, 0.000000, 0.000000, 1.000000, 0.000000, 0.000000, 0.000000, 1.000000, 0.000000, 0.000000, 0.000000, 1.000000)
HumanoidRootPart_k4_HumanoidRootPart.Parent = keyframe4



--Torso
Torso_k4_HumanoidRootPart_Torso = Instance.new("Pose")
Torso_k4_HumanoidRootPart_Torso.Name = "Torso"
Torso_k4_HumanoidRootPart_Torso.CFrame = cf(2.151824, 0.000005, 0.045318, 0.606660, 0.793922, -0.040652, -0.794925, 0.605347, -0.040615, -0.007637, 0.056955, 0.998348)
Torso_k4_HumanoidRootPart_Torso.Parent = HumanoidRootPart_k4_HumanoidRootPart



--Left Leg
Left_Leg_k4_HumanoidRootPart_Torso_Left_Leg = Instance.new("Pose")
Left_Leg_k4_HumanoidRootPart_Torso_Left_Leg.Name = "Left Leg"
Left_Leg_k4_HumanoidRootPart_Torso_Left_Leg.CFrame = cf(-0.001805, -0.026738, -0.000004, 0.982485, -0.030200, 0.183883, 0.011728, 0.994845, 0.100726, -0.185978, -0.096805, 0.977774)
Left_Leg_k4_HumanoidRootPart_Torso_Left_Leg.Parent = Torso_k4_HumanoidRootPart_Torso



--Right Leg
Right_Leg_k4_HumanoidRootPart_Torso_Right_Leg = Instance.new("Pose")
Right_Leg_k4_HumanoidRootPart_Torso_Right_Leg.Name = "Right Leg"
Right_Leg_k4_HumanoidRootPart_Torso_Right_Leg.CFrame = cf(0.003181, -0.050047, -0.000141, 0.946897, -0.100985, -0.305271, 0.104155, 0.994543, -0.005928, 0.304204, -0.026182, 0.952248)
Right_Leg_k4_HumanoidRootPart_Torso_Right_Leg.Parent = Torso_k4_HumanoidRootPart_Torso



-- Keyframe 5 (Time: 0.1666666716337204)
 keyframe5 = Instance.new("Keyframe")
keyframe5.Time = 0.1666666716337204
keyframe5.Parent = KeyframeSequence

--HumanoidRootPart
HumanoidRootPart_k5_HumanoidRootPart = Instance.new("Pose")
HumanoidRootPart_k5_HumanoidRootPart.Name = "HumanoidRootPart"
HumanoidRootPart_k5_HumanoidRootPart.CFrame = cf(0.000000, 0.000000, 0.000000, 1.000000, 0.000000, 0.000000, 0.000000, 1.000000, 0.000000, 0.000000, 0.000000, 1.000000)
HumanoidRootPart_k5_HumanoidRootPart.Parent = keyframe5



--Torso
Torso_k5_HumanoidRootPart_Torso = Instance.new("Pose")
Torso_k5_HumanoidRootPart_Torso.Name = "Torso"
Torso_k5_HumanoidRootPart_Torso.CFrame = cf(2.151824, 0.000005, 0.045318, 0.606660, 0.793922, -0.040652, -0.794925, 0.605347, -0.040615, -0.007637, 0.056955, 0.998348)
Torso_k5_HumanoidRootPart_Torso.Parent = HumanoidRootPart_k5_HumanoidRootPart



--Head
Head_k5_HumanoidRootPart_Torso_Head = Instance.new("Pose")
Head_k5_HumanoidRootPart_Torso_Head.Name = "Head"
Head_k5_HumanoidRootPart_Torso_Head.CFrame = cf(0.000000, -0.000009, -0.000001, 0.841962, 0.537065, 0.051597, -0.539427, 0.839870, 0.060316, -0.010941, -0.078617, 0.996845)
Head_k5_HumanoidRootPart_Torso_Head.Parent = Torso_k5_HumanoidRootPart_Torso



--Right Arm
Right_Arm_k5_HumanoidRootPart_Torso_Right_Arm = Instance.new("Pose")
Right_Arm_k5_HumanoidRootPart_Torso_Right_Arm.Name = "Right Arm"
Right_Arm_k5_HumanoidRootPart_Torso_Right_Arm.CFrame = cf(0.243401, -0.644720, 0.152416, -0.565914, -0.482987, 0.668181, 0.323472, -0.875531, -0.358903, 0.758358, 0.013030, 0.651708)
Right_Arm_k5_HumanoidRootPart_Torso_Right_Arm.Parent = Torso_k5_HumanoidRootPart_Torso



--Kasane_Teto
Kasane_Teto_k5_HumanoidRootPart_Kasane_Teto = Instance.new("Pose")
Kasane_Teto_k5_HumanoidRootPart_Kasane_Teto.Name = "Kasane_Teto"
Kasane_Teto_k5_HumanoidRootPart_Kasane_Teto.CFrame = cf(1.529893, 0.256699, -0.000004, 0.765757, -0.059642, 0.640358, 0.045753, 0.998220, 0.038260, -0.641500, 0.000000, 0.767123)
Kasane_Teto_k5_HumanoidRootPart_Kasane_Teto.Parent = HumanoidRootPart_k5_HumanoidRootPart



-- Keyframe 6 (Time: 0.21666666865348816)
 keyframe6 = Instance.new("Keyframe")
keyframe6.Time = 0.21666666865348816
keyframe6.Parent = KeyframeSequence

--HumanoidRootPart
HumanoidRootPart_k6_HumanoidRootPart = Instance.new("Pose")
HumanoidRootPart_k6_HumanoidRootPart.Name = "HumanoidRootPart"
HumanoidRootPart_k6_HumanoidRootPart.CFrame = cf(0.000000, 0.000000, 0.000000, 1.000000, 0.000000, 0.000000, 0.000000, 1.000000, 0.000000, 0.000000, 0.000000, 1.000000)
HumanoidRootPart_k6_HumanoidRootPart.Parent = keyframe6



--Torso
Torso_k6_HumanoidRootPart_Torso = Instance.new("Pose")
Torso_k6_HumanoidRootPart_Torso.Name = "Torso"
Torso_k6_HumanoidRootPart_Torso.CFrame = cf(2.151824, 0.000005, 0.023142, 0.605687, 0.795689, 0.004731, -0.794925, 0.605347, -0.040615, -0.035181, 0.020840, 0.999164)
Torso_k6_HumanoidRootPart_Torso.Parent = HumanoidRootPart_k6_HumanoidRootPart



--Left Leg
Left_Leg_k6_HumanoidRootPart_Torso_Left_Leg = Instance.new("Pose")
Left_Leg_k6_HumanoidRootPart_Torso_Left_Leg.Name = "Left Leg"
Left_Leg_k6_HumanoidRootPart_Torso_Left_Leg.CFrame = cf(-0.000875, 0.017974, -0.001574, 0.980162, -0.083259, 0.179865, 0.056337, 0.987091, 0.149922, -0.190025, -0.136815, 0.972201)
Left_Leg_k6_HumanoidRootPart_Torso_Left_Leg.Parent = Torso_k6_HumanoidRootPart_Torso



--Right Leg
Right_Leg_k6_HumanoidRootPart_Torso_Right_Leg = Instance.new("Pose")
Right_Leg_k6_HumanoidRootPart_Torso_Right_Leg.Name = "Right Leg"
Right_Leg_k6_HumanoidRootPart_Torso_Right_Leg.CFrame = cf(0.003187, -0.050053, -0.000143, 0.951766, -0.044853, -0.303532, 0.037622, 0.998852, -0.029632, 0.304512, 0.016783, 0.952362)
Right_Leg_k6_HumanoidRootPart_Torso_Right_Leg.Parent = Torso_k6_HumanoidRootPart_Torso



-- Keyframe 7 (Time: 0.25)
 keyframe7 = Instance.new("Keyframe")
keyframe7.Time = 0.25
keyframe7.Parent = KeyframeSequence

--HumanoidRootPart
HumanoidRootPart_k7_HumanoidRootPart = Instance.new("Pose")
HumanoidRootPart_k7_HumanoidRootPart.Name = "HumanoidRootPart"
HumanoidRootPart_k7_HumanoidRootPart.CFrame = cf(0.000000, 0.000000, 0.000000, 1.000000, 0.000000, 0.000000, 0.000000, 1.000000, 0.000000, 0.000000, 0.000000, 1.000000)
HumanoidRootPart_k7_HumanoidRootPart.Parent = keyframe7



--Torso
Torso_k7_HumanoidRootPart_Torso = Instance.new("Pose")
Torso_k7_HumanoidRootPart_Torso.Name = "Torso"
Torso_k7_HumanoidRootPart_Torso.CFrame = cf(2.151824, 0.000005, 0.023142, 0.605687, 0.795689, 0.004731, -0.794925, 0.605347, -0.040615, -0.035181, 0.020840, 0.999164)
Torso_k7_HumanoidRootPart_Torso.Parent = HumanoidRootPart_k7_HumanoidRootPart



--Head
Head_k7_HumanoidRootPart_Torso_Head = Instance.new("Pose")
Head_k7_HumanoidRootPart_Torso_Head.Name = "Head"
Head_k7_HumanoidRootPart_Torso_Head.CFrame = cf(-0.000001, -0.000008, -0.000001, 0.843811, 0.536553, 0.009713, -0.536615, 0.843809, 0.005522, -0.005232, -0.009872, 0.999937)
Head_k7_HumanoidRootPart_Torso_Head.Parent = Torso_k7_HumanoidRootPart_Torso



--Right Arm
Right_Arm_k7_HumanoidRootPart_Torso_Right_Arm = Instance.new("Pose")
Right_Arm_k7_HumanoidRootPart_Torso_Right_Arm.Name = "Right Arm"
Right_Arm_k7_HumanoidRootPart_Torso_Right_Arm.CFrame = cf(0.243372, -0.651784, 0.152028, -0.603903, -0.388764, 0.695818, 0.321527, -0.917624, -0.233636, 0.729329, 0.082631, 0.679155)
Right_Arm_k7_HumanoidRootPart_Torso_Right_Arm.Parent = Torso_k7_HumanoidRootPart_Torso



--Kasane_Teto
Kasane_Teto_k7_HumanoidRootPart_Kasane_Teto = Instance.new("Pose")
Kasane_Teto_k7_HumanoidRootPart_Kasane_Teto.Name = "Kasane_Teto"
Kasane_Teto_k7_HumanoidRootPart_Kasane_Teto.CFrame = cf(1.529888, 0.357925, -0.000003, 0.767082, -0.010318, 0.641466, 0.007915, 0.999947, 0.006619, -0.641500, 0.000000, 0.767123)
Kasane_Teto_k7_HumanoidRootPart_Kasane_Teto.Parent = HumanoidRootPart_k7_HumanoidRootPart



-- Keyframe 8 (Time: 0.30000001192092896)
 keyframe8 = Instance.new("Keyframe")
keyframe8.Time = 0.30000001192092896
keyframe8.Parent = KeyframeSequence

--HumanoidRootPart
HumanoidRootPart_k8_HumanoidRootPart = Instance.new("Pose")
HumanoidRootPart_k8_HumanoidRootPart.Name = "HumanoidRootPart"
HumanoidRootPart_k8_HumanoidRootPart.CFrame = cf(0.000000, 0.000000, 0.000000, 1.000000, 0.000000, 0.000000, 0.000000, 1.000000, 0.000000, 0.000000, 0.000000, 1.000000)
HumanoidRootPart_k8_HumanoidRootPart.Parent = keyframe8



--Torso
Torso_k8_HumanoidRootPart_Torso = Instance.new("Pose")
Torso_k8_HumanoidRootPart_Torso.Name = "Torso"
Torso_k8_HumanoidRootPart_Torso.CFrame = cf(2.151826, 0.000007, -0.001240, 0.606443, 0.794774, -0.023689, -0.794925, 0.605347, -0.040615, -0.017940, 0.043462, 0.998894)
Torso_k8_HumanoidRootPart_Torso.Parent = HumanoidRootPart_k8_HumanoidRootPart



--Left Leg
Left_Leg_k8_HumanoidRootPart_Torso_Left_Leg = Instance.new("Pose")
Left_Leg_k8_HumanoidRootPart_Torso_Left_Leg.Name = "Left Leg"
Left_Leg_k8_HumanoidRootPart_Torso_Left_Leg.CFrame = cf(-0.000877, 0.017975, -0.001573, 0.981853, -0.051169, 0.182612, 0.029361, 0.992317, 0.120187, -0.187359, -0.112644, 0.975812)
Left_Leg_k8_HumanoidRootPart_Torso_Left_Leg.Parent = Torso_k8_HumanoidRootPart_Torso



--Right Leg
Right_Leg_k8_HumanoidRootPart_Torso_Right_Leg = Instance.new("Pose")
Right_Leg_k8_HumanoidRootPart_Torso_Right_Leg.Name = "Right Leg"
Right_Leg_k8_HumanoidRootPart_Torso_Right_Leg.CFrame = cf(0.001916, -0.020751, 0.000387, 0.949154, -0.080059, -0.304465, 0.079334, 0.996738, -0.014771, 0.304654, -0.010134, 0.952410)
Right_Leg_k8_HumanoidRootPart_Torso_Right_Leg.Parent = Torso_k8_HumanoidRootPart_Torso



-- Keyframe 9 (Time: 0.3333333432674408)
 keyframe9 = Instance.new("Keyframe")
keyframe9.Time = 0.3333333432674408
keyframe9.Parent = KeyframeSequence

--HumanoidRootPart
HumanoidRootPart_k9_HumanoidRootPart = Instance.new("Pose")
HumanoidRootPart_k9_HumanoidRootPart.Name = "HumanoidRootPart"
HumanoidRootPart_k9_HumanoidRootPart.CFrame = cf(0.000000, 0.000000, 0.000000, 1.000000, 0.000000, 0.000000, 0.000000, 1.000000, 0.000000, 0.000000, 0.000000, 1.000000)
HumanoidRootPart_k9_HumanoidRootPart.Parent = keyframe9



--Torso
Torso_k9_HumanoidRootPart_Torso = Instance.new("Pose")
Torso_k9_HumanoidRootPart_Torso.Name = "Torso"
Torso_k9_HumanoidRootPart_Torso.CFrame = cf(2.151814, -0.000003, -0.000001, 0.606708, 0.793142, -0.053215, -0.794925, 0.605347, -0.040615, 0.000000, 0.066944, 0.997757)
Torso_k9_HumanoidRootPart_Torso.Parent = HumanoidRootPart_k9_HumanoidRootPart



--Left Leg
Left_Leg_k9_HumanoidRootPart_Torso_Left_Leg = Instance.new("Pose")
Left_Leg_k9_HumanoidRootPart_Torso_Left_Leg.Name = "Left Leg"
Left_Leg_k9_HumanoidRootPart_Torso_Left_Leg.CFrame = cf(0.000000, 0.000000, 0.000000, 0.982698, -0.016257, 0.184500, 0.000000, 0.996141, 0.087772, -0.185215, -0.086253, 0.978905)
Left_Leg_k9_HumanoidRootPart_Torso_Left_Leg.Parent = Torso_k9_HumanoidRootPart_Torso



--Head
Head_k9_HumanoidRootPart_Torso_Head = Instance.new("Pose")
Head_k9_HumanoidRootPart_Torso_Head.Name = "Head"
Head_k9_HumanoidRootPart_Torso_Head.CFrame = cf(0.000000, 0.000000, 0.000000, 0.844205, 0.536021, 0.000000, -0.536007, 0.844183, -0.007229, -0.003875, 0.006103, 0.999974)
Head_k9_HumanoidRootPart_Torso_Head.Parent = Torso_k9_HumanoidRootPart_Torso



--Left Arm
Left_Arm_k9_HumanoidRootPart_Torso_Left_Arm = Instance.new("Pose")
Left_Arm_k9_HumanoidRootPart_Torso_Left_Arm.Name = "Left Arm"
Left_Arm_k9_HumanoidRootPart_Torso_Left_Arm.CFrame = cf(0.133762, -0.155152, -0.188486, 0.211475, -0.034572, 0.976772, 0.324673, 0.945108, -0.036841, -0.921881, 0.324923, 0.211092)
Left_Arm_k9_HumanoidRootPart_Torso_Left_Arm.Parent = Torso_k9_HumanoidRootPart_Torso



--Right Arm
Right_Arm_k9_HumanoidRootPart_Torso_Right_Arm = Instance.new("Pose")
Right_Arm_k9_HumanoidRootPart_Torso_Right_Arm.Name = "Right Arm"
Right_Arm_k9_HumanoidRootPart_Torso_Right_Arm.CFrame = cf(0.243325, -0.658848, 0.151634, -0.612786, -0.366013, 0.700377, 0.320148, -0.925268, -0.203430, 0.722494, 0.099566, 0.684170)
Right_Arm_k9_HumanoidRootPart_Torso_Right_Arm.Parent = Torso_k9_HumanoidRootPart_Torso



--Right Leg
Right_Leg_k9_HumanoidRootPart_Torso_Right_Leg = Instance.new("Pose")
Right_Leg_k9_HumanoidRootPart_Torso_Right_Leg.Name = "Right Leg"
Right_Leg_k9_HumanoidRootPart_Torso_Right_Leg.CFrame = cf(0.000000, 0.000000, 0.000000, 0.945087, -0.115004, -0.305916, 0.120795, 0.992678, 0.000000, 0.303676, -0.036953, 0.952058)
Right_Leg_k9_HumanoidRootPart_Torso_Right_Leg.Parent = Torso_k9_HumanoidRootPart_Torso



--Kasane_Teto
Kasane_Teto_k9_HumanoidRootPart_Kasane_Teto = Instance.new("Pose")
Kasane_Teto_k9_HumanoidRootPart_Kasane_Teto.Name = "Kasane_Teto"
Kasane_Teto_k9_HumanoidRootPart_Kasane_Teto.CFrame = cf(1.529880, 0.288424, -0.000003, 0.767100, -0.007760, 0.641481, 0.005953, 0.999970, 0.004978, -0.641500, 0.000000, 0.767123)
Kasane_Teto_k9_HumanoidRootPart_Kasane_Teto.Parent = HumanoidRootPart_k9_HumanoidRootPart



-- Keyframe 10 (Time: 0.36666667461395264)
 keyframe10 = Instance.new("Keyframe")
keyframe10.Time = 0.36666667461395264
keyframe10.Parent = KeyframeSequence

--HumanoidRootPart
HumanoidRootPart_k10_HumanoidRootPart = Instance.new("Pose")
HumanoidRootPart_k10_HumanoidRootPart.Name = "HumanoidRootPart"
HumanoidRootPart_k10_HumanoidRootPart.CFrame = cf(0.000000, 0.000000, 0.000000, 1.000000, 0.000000, 0.000000, 0.000000, 1.000000, 0.000000, 0.000000, 0.000000, 1.000000)
HumanoidRootPart_k10_HumanoidRootPart.Parent = keyframe10



--Torso
Torso_k10_HumanoidRootPart_Torso = Instance.new("Pose")
Torso_k10_HumanoidRootPart_Torso.Name = "Torso"
Torso_k10_HumanoidRootPart_Torso.CFrame = cf(2.151817, 0.000001, 0.009488, 0.606642, 0.792071, -0.067891, -0.794925, 0.605347, -0.040615, 0.008927, 0.078607, 0.996866)
Torso_k10_HumanoidRootPart_Torso.Parent = HumanoidRootPart_k10_HumanoidRootPart



--Left Leg
Left_Leg_k10_HumanoidRootPart_Torso_Left_Leg = Instance.new("Pose")
Left_Leg_k10_HumanoidRootPart_Torso_Left_Leg.Name = "Left Leg"
Left_Leg_k10_HumanoidRootPart_Torso_Left_Leg.CFrame = cf(-0.001207, -0.016717, -0.000064, 0.982734, 0.001318, 0.185020, -0.014786, 0.997336, 0.071428, -0.184432, -0.072931, 0.980136)
Left_Leg_k10_HumanoidRootPart_Torso_Left_Leg.Parent = Torso_k10_HumanoidRootPart_Torso



--Right Leg
Right_Leg_k10_HumanoidRootPart_Torso_Right_Leg = Instance.new("Pose")
Right_Leg_k10_HumanoidRootPart_Torso_Right_Leg.Name = "Right Leg"
Right_Leg_k10_HumanoidRootPart_Torso_Right_Leg.CFrame = cf(-0.000379, 0.003399, -0.000120, 0.942331, -0.133515, -0.306900, 0.142782, 0.989724, 0.007833, 0.302700, -0.051201, 0.951710)
Right_Leg_k10_HumanoidRootPart_Torso_Right_Leg.Parent = Torso_k10_HumanoidRootPart_Torso



-- Keyframe 11 (Time: 0.4166666567325592)
 keyframe11 = Instance.new("Keyframe")
keyframe11.Time = 0.4166666567325592
keyframe11.Parent = KeyframeSequence

--HumanoidRootPart
HumanoidRootPart_k11_HumanoidRootPart = Instance.new("Pose")
HumanoidRootPart_k11_HumanoidRootPart.Name = "HumanoidRootPart"
HumanoidRootPart_k11_HumanoidRootPart.CFrame = cf(0.000000, 0.000000, 0.000000, 1.000000, 0.000000, 0.000000, 0.000000, 1.000000, 0.000000, 0.000000, 0.000000, 1.000000)
HumanoidRootPart_k11_HumanoidRootPart.Parent = keyframe11



--Torso
Torso_k11_HumanoidRootPart_Torso = Instance.new("Pose")
Torso_k11_HumanoidRootPart_Torso.Name = "Torso"
Torso_k11_HumanoidRootPart_Torso.CFrame = cf(2.151817, 0.000001, 0.009488, 0.606642, 0.792071, -0.067891, -0.794925, 0.605347, -0.040615, 0.008927, 0.078607, 0.996866)
Torso_k11_HumanoidRootPart_Torso.Parent = HumanoidRootPart_k11_HumanoidRootPart



--Left Leg
Left_Leg_k11_HumanoidRootPart_Torso_Left_Leg = Instance.new("Pose")
Left_Leg_k11_HumanoidRootPart_Torso_Left_Leg.Name = "Left Leg"
Left_Leg_k11_HumanoidRootPart_Torso_Left_Leg.CFrame = cf(-0.001810, -0.026739, -0.000008, 0.982698, -0.016266, 0.184500, 0.000008, 0.996140, 0.087781, -0.185216, -0.086261, 0.978905)
Left_Leg_k11_HumanoidRootPart_Torso_Left_Leg.Parent = Torso_k11_HumanoidRootPart_Torso



--Head
Head_k11_HumanoidRootPart_Torso_Head = Instance.new("Pose")
Head_k11_HumanoidRootPart_Torso_Head.Name = "Head"
Head_k11_HumanoidRootPart_Torso_Head.CFrame = cf(-0.000004, -0.000007, 0.000000, 0.842879, 0.537180, 0.031529, -0.538041, 0.842229, 0.034103, -0.008235, -0.045708, 0.998921)
Head_k11_HumanoidRootPart_Torso_Head.Parent = Torso_k11_HumanoidRootPart_Torso



--Right Arm
Right_Arm_k11_HumanoidRootPart_Torso_Right_Arm = Instance.new("Pose")
Right_Arm_k11_HumanoidRootPart_Torso_Right_Arm.Name = "Right Arm"
Right_Arm_k11_HumanoidRootPart_Torso_Right_Arm.CFrame = cf(0.246027, -0.698621, 0.151664, -0.577774, -0.454103, 0.678210, 0.323545, -0.890290, -0.320472, 0.749331, 0.034271, 0.661309)
Right_Arm_k11_HumanoidRootPart_Torso_Right_Arm.Parent = Torso_k11_HumanoidRootPart_Torso



--Right Leg
Right_Leg_k11_HumanoidRootPart_Torso_Right_Leg = Instance.new("Pose")
Right_Leg_k11_HumanoidRootPart_Torso_Right_Leg.Name = "Right Leg"
Right_Leg_k11_HumanoidRootPart_Torso_Right_Leg.CFrame = cf(0.001911, -0.028020, 0.000018, 0.945125, -0.114732, -0.305903, 0.120472, 0.992717, -0.000115, 0.303688, -0.036744, 0.952063)
Right_Leg_k11_HumanoidRootPart_Torso_Right_Leg.Parent = Torso_k11_HumanoidRootPart_Torso



--Kasane_Teto
Kasane_Teto_k11_HumanoidRootPart_Kasane_Teto = Instance.new("Pose")
Kasane_Teto_k11_HumanoidRootPart_Kasane_Teto.Name = "Kasane_Teto"
Kasane_Teto_k11_HumanoidRootPart_Kasane_Teto.CFrame = cf(1.529893, 0.302708, -0.000002, 0.766221, -0.048480, 0.640746, 0.037190, 0.998824, 0.031100, -0.641500, 0.000000, 0.767123)
Kasane_Teto_k11_HumanoidRootPart_Kasane_Teto.Parent = HumanoidRootPart_k11_HumanoidRootPart



-- Keyframe 12 (Time: 0.46666666865348816)
 keyframe12 = Instance.new("Keyframe")
keyframe12.Time = 0.46666666865348816
keyframe12.Parent = KeyframeSequence

--HumanoidRootPart
HumanoidRootPart_k12_HumanoidRootPart = Instance.new("Pose")
HumanoidRootPart_k12_HumanoidRootPart.Name = "HumanoidRootPart"
HumanoidRootPart_k12_HumanoidRootPart.CFrame = cf(0.000000, 0.000000, 0.000000, 1.000000, 0.000000, 0.000000, 0.000000, 1.000000, 0.000000, 0.000000, 0.000000, 1.000000)
HumanoidRootPart_k12_HumanoidRootPart.Parent = keyframe12



--Torso
Torso_k12_HumanoidRootPart_Torso = Instance.new("Pose")
Torso_k12_HumanoidRootPart_Torso.Name = "Torso"
Torso_k12_HumanoidRootPart_Torso.CFrame = cf(2.151824, 0.000005, 0.045318, 0.606660, 0.793922, -0.040652, -0.794925, 0.605347, -0.040615, -0.007637, 0.056955, 0.998348)
Torso_k12_HumanoidRootPart_Torso.Parent = HumanoidRootPart_k12_HumanoidRootPart



--Left Leg
Left_Leg_k12_HumanoidRootPart_Torso_Left_Leg = Instance.new("Pose")
Left_Leg_k12_HumanoidRootPart_Torso_Left_Leg.Name = "Left Leg"
Left_Leg_k12_HumanoidRootPart_Torso_Left_Leg.CFrame = cf(-0.001805, -0.026738, -0.000004, 0.982485, -0.030200, 0.183883, 0.011728, 0.994845, 0.100726, -0.185978, -0.096805, 0.977774)
Left_Leg_k12_HumanoidRootPart_Torso_Left_Leg.Parent = Torso_k12_HumanoidRootPart_Torso



--Right Leg
Right_Leg_k12_HumanoidRootPart_Torso_Right_Leg = Instance.new("Pose")
Right_Leg_k12_HumanoidRootPart_Torso_Right_Leg.Name = "Right Leg"
Right_Leg_k12_HumanoidRootPart_Torso_Right_Leg.CFrame = cf(0.003181, -0.050047, -0.000141, 0.946897, -0.100985, -0.305271, 0.104155, 0.994543, -0.005928, 0.304204, -0.026182, 0.952248)
Right_Leg_k12_HumanoidRootPart_Torso_Right_Leg.Parent = Torso_k12_HumanoidRootPart_Torso



-- Keyframe 13 (Time: 0.5)
 keyframe13 = Instance.new("Keyframe")
keyframe13.Time = 0.5
keyframe13.Parent = KeyframeSequence

--HumanoidRootPart
HumanoidRootPart_k13_HumanoidRootPart = Instance.new("Pose")
HumanoidRootPart_k13_HumanoidRootPart.Name = "HumanoidRootPart"
HumanoidRootPart_k13_HumanoidRootPart.CFrame = cf(0.000000, 0.000000, 0.000000, 1.000000, 0.000000, 0.000000, 0.000000, 1.000000, 0.000000, 0.000000, 0.000000, 1.000000)
HumanoidRootPart_k13_HumanoidRootPart.Parent = keyframe13



--Torso
Torso_k13_HumanoidRootPart_Torso = Instance.new("Pose")
Torso_k13_HumanoidRootPart_Torso.Name = "Torso"
Torso_k13_HumanoidRootPart_Torso.CFrame = cf(2.151824, 0.000005, 0.045318, 0.606660, 0.793922, -0.040652, -0.794925, 0.605347, -0.040615, -0.007637, 0.056955, 0.998348)
Torso_k13_HumanoidRootPart_Torso.Parent = HumanoidRootPart_k13_HumanoidRootPart



--Head
Head_k13_HumanoidRootPart_Torso_Head = Instance.new("Pose")
Head_k13_HumanoidRootPart_Torso_Head.Name = "Head"
Head_k13_HumanoidRootPart_Torso_Head.CFrame = cf(0.000000, -0.000009, -0.000001, 0.841962, 0.537065, 0.051597, -0.539427, 0.839870, 0.060316, -0.010941, -0.078617, 0.996845)
Head_k13_HumanoidRootPart_Torso_Head.Parent = Torso_k13_HumanoidRootPart_Torso



--Right Arm
Right_Arm_k13_HumanoidRootPart_Torso_Right_Arm = Instance.new("Pose")
Right_Arm_k13_HumanoidRootPart_Torso_Right_Arm.Name = "Right Arm"
Right_Arm_k13_HumanoidRootPart_Torso_Right_Arm.CFrame = cf(0.243401, -0.644720, 0.152416, -0.565914, -0.482987, 0.668181, 0.323472, -0.875531, -0.358903, 0.758358, 0.013030, 0.651708)
Right_Arm_k13_HumanoidRootPart_Torso_Right_Arm.Parent = Torso_k13_HumanoidRootPart_Torso



--Kasane_Teto
Kasane_Teto_k13_HumanoidRootPart_Kasane_Teto = Instance.new("Pose")
Kasane_Teto_k13_HumanoidRootPart_Kasane_Teto.Name = "Kasane_Teto"
Kasane_Teto_k13_HumanoidRootPart_Kasane_Teto.CFrame = cf(1.529890, 0.256699, -0.000005, 0.763693, -0.094461, 0.638632, 0.072463, 0.995529, 0.060597, -0.641500, 0.000000, 0.767123)
Kasane_Teto_k13_HumanoidRootPart_Kasane_Teto.Parent = HumanoidRootPart_k13_HumanoidRootPart



-- Keyframe 14 (Time: 0.550000011920929)
 keyframe14 = Instance.new("Keyframe")
keyframe14.Time = 0.550000011920929
keyframe14.Parent = KeyframeSequence

--HumanoidRootPart
HumanoidRootPart_k14_HumanoidRootPart = Instance.new("Pose")
HumanoidRootPart_k14_HumanoidRootPart.Name = "HumanoidRootPart"
HumanoidRootPart_k14_HumanoidRootPart.CFrame = cf(0.000000, 0.000000, 0.000000, 1.000000, 0.000000, 0.000000, 0.000000, 1.000000, 0.000000, 0.000000, 0.000000, 1.000000)
HumanoidRootPart_k14_HumanoidRootPart.Parent = keyframe14



--Torso
Torso_k14_HumanoidRootPart_Torso = Instance.new("Pose")
Torso_k14_HumanoidRootPart_Torso.Name = "Torso"
Torso_k14_HumanoidRootPart_Torso.CFrame = cf(2.151824, 0.000005, 0.023142, 0.605687, 0.795689, 0.004731, -0.794925, 0.605347, -0.040615, -0.035181, 0.020840, 0.999164)
Torso_k14_HumanoidRootPart_Torso.Parent = HumanoidRootPart_k14_HumanoidRootPart



--Left Leg
Left_Leg_k14_HumanoidRootPart_Torso_Left_Leg = Instance.new("Pose")
Left_Leg_k14_HumanoidRootPart_Torso_Left_Leg.Name = "Left Leg"
Left_Leg_k14_HumanoidRootPart_Torso_Left_Leg.CFrame = cf(-0.000875, 0.017974, -0.001574, 0.980162, -0.083259, 0.179865, 0.056337, 0.987091, 0.149922, -0.190025, -0.136815, 0.972201)
Left_Leg_k14_HumanoidRootPart_Torso_Left_Leg.Parent = Torso_k14_HumanoidRootPart_Torso



--Right Leg
Right_Leg_k14_HumanoidRootPart_Torso_Right_Leg = Instance.new("Pose")
Right_Leg_k14_HumanoidRootPart_Torso_Right_Leg.Name = "Right Leg"
Right_Leg_k14_HumanoidRootPart_Torso_Right_Leg.CFrame = cf(0.003187, -0.050053, -0.000143, 0.951766, -0.044853, -0.303532, 0.037622, 0.998852, -0.029632, 0.304512, 0.016783, 0.952362)
Right_Leg_k14_HumanoidRootPart_Torso_Right_Leg.Parent = Torso_k14_HumanoidRootPart_Torso



-- Keyframe 15 (Time: 0.5833333134651184)
 keyframe15 = Instance.new("Keyframe")
keyframe15.Time = 0.5833333134651184
keyframe15.Parent = KeyframeSequence

--HumanoidRootPart
HumanoidRootPart_k15_HumanoidRootPart = Instance.new("Pose")
HumanoidRootPart_k15_HumanoidRootPart.Name = "HumanoidRootPart"
HumanoidRootPart_k15_HumanoidRootPart.CFrame = cf(0.000000, 0.000000, 0.000000, 1.000000, 0.000000, 0.000000, 0.000000, 1.000000, 0.000000, 0.000000, 0.000000, 1.000000)
HumanoidRootPart_k15_HumanoidRootPart.Parent = keyframe15



--Torso
Torso_k15_HumanoidRootPart_Torso = Instance.new("Pose")
Torso_k15_HumanoidRootPart_Torso.Name = "Torso"
Torso_k15_HumanoidRootPart_Torso.CFrame = cf(2.151824, 0.000005, 0.023142, 0.605687, 0.795689, 0.004731, -0.794925, 0.605347, -0.040615, -0.035181, 0.020840, 0.999164)
Torso_k15_HumanoidRootPart_Torso.Parent = HumanoidRootPart_k15_HumanoidRootPart



--Head
Head_k15_HumanoidRootPart_Torso_Head = Instance.new("Pose")
Head_k15_HumanoidRootPart_Torso_Head.Name = "Head"
Head_k15_HumanoidRootPart_Torso_Head.CFrame = cf(-0.000001, -0.000008, -0.000001, 0.843811, 0.536553, 0.009713, -0.536615, 0.843809, 0.005522, -0.005232, -0.009872, 0.999937)
Head_k15_HumanoidRootPart_Torso_Head.Parent = Torso_k15_HumanoidRootPart_Torso



--Right Arm
Right_Arm_k15_HumanoidRootPart_Torso_Right_Arm = Instance.new("Pose")
Right_Arm_k15_HumanoidRootPart_Torso_Right_Arm.Name = "Right Arm"
Right_Arm_k15_HumanoidRootPart_Torso_Right_Arm.CFrame = cf(0.243372, -0.651784, 0.152028, -0.603903, -0.388764, 0.695818, 0.321527, -0.917624, -0.233636, 0.729329, 0.082631, 0.679155)
Right_Arm_k15_HumanoidRootPart_Torso_Right_Arm.Parent = Torso_k15_HumanoidRootPart_Torso



--Kasane_Teto
Kasane_Teto_k15_HumanoidRootPart_Kasane_Teto = Instance.new("Pose")
Kasane_Teto_k15_HumanoidRootPart_Kasane_Teto.Name = "Kasane_Teto"
Kasane_Teto_k15_HumanoidRootPart_Kasane_Teto.CFrame = cf(1.529893, 0.256699, -0.000004, 0.765757, -0.059642, 0.640358, 0.045753, 0.998220, 0.038260, -0.641500, 0.000000, 0.767123)
Kasane_Teto_k15_HumanoidRootPart_Kasane_Teto.Parent = HumanoidRootPart_k15_HumanoidRootPart



-- Keyframe 16 (Time: 0.6333333253860474)
 keyframe16 = Instance.new("Keyframe")
keyframe16.Time = 0.6333333253860474
keyframe16.Parent = KeyframeSequence

--HumanoidRootPart
HumanoidRootPart_k16_HumanoidRootPart = Instance.new("Pose")
HumanoidRootPart_k16_HumanoidRootPart.Name = "HumanoidRootPart"
HumanoidRootPart_k16_HumanoidRootPart.CFrame = cf(0.000000, 0.000000, 0.000000, 1.000000, 0.000000, 0.000000, 0.000000, 1.000000, 0.000000, 0.000000, 0.000000, 1.000000)
HumanoidRootPart_k16_HumanoidRootPart.Parent = keyframe16



--Torso
Torso_k16_HumanoidRootPart_Torso = Instance.new("Pose")
Torso_k16_HumanoidRootPart_Torso.Name = "Torso"
Torso_k16_HumanoidRootPart_Torso.CFrame = cf(2.151826, 0.000007, -0.001240, 0.606443, 0.794774, -0.023689, -0.794925, 0.605347, -0.040615, -0.017940, 0.043462, 0.998894)
Torso_k16_HumanoidRootPart_Torso.Parent = HumanoidRootPart_k16_HumanoidRootPart



--Left Leg
Left_Leg_k16_HumanoidRootPart_Torso_Left_Leg = Instance.new("Pose")
Left_Leg_k16_HumanoidRootPart_Torso_Left_Leg.Name = "Left Leg"
Left_Leg_k16_HumanoidRootPart_Torso_Left_Leg.CFrame = cf(-0.000877, 0.017975, -0.001573, 0.981853, -0.051169, 0.182612, 0.029361, 0.992317, 0.120187, -0.187359, -0.112644, 0.975812)
Left_Leg_k16_HumanoidRootPart_Torso_Left_Leg.Parent = Torso_k16_HumanoidRootPart_Torso



--Right Leg
Right_Leg_k16_HumanoidRootPart_Torso_Right_Leg = Instance.new("Pose")
Right_Leg_k16_HumanoidRootPart_Torso_Right_Leg.Name = "Right Leg"
Right_Leg_k16_HumanoidRootPart_Torso_Right_Leg.CFrame = cf(0.001916, -0.020751, 0.000387, 0.949154, -0.080059, -0.304465, 0.079334, 0.996738, -0.014771, 0.304654, -0.010134, 0.952410)
Right_Leg_k16_HumanoidRootPart_Torso_Right_Leg.Parent = Torso_k16_HumanoidRootPart_Torso



-- Keyframe 17 (Time: 0.6666666865348816)
 keyframe17 = Instance.new("Keyframe")
keyframe17.Time = 0.6666666865348816
keyframe17.Parent = KeyframeSequence

--HumanoidRootPart
HumanoidRootPart_k17_HumanoidRootPart = Instance.new("Pose")
HumanoidRootPart_k17_HumanoidRootPart.Name = "HumanoidRootPart"
HumanoidRootPart_k17_HumanoidRootPart.CFrame = cf(0.000000, 0.000000, 0.000000, 1.000000, 0.000000, 0.000000, 0.000000, 1.000000, 0.000000, 0.000000, 0.000000, 1.000000)
HumanoidRootPart_k17_HumanoidRootPart.Parent = keyframe17



--Torso
Torso_k17_HumanoidRootPart_Torso = Instance.new("Pose")
Torso_k17_HumanoidRootPart_Torso.Name = "Torso"
Torso_k17_HumanoidRootPart_Torso.CFrame = cf(2.151814, -0.000003, -0.000001, 0.606708, 0.793142, -0.053215, -0.794925, 0.605347, -0.040615, 0.000000, 0.066944, 0.997757)
Torso_k17_HumanoidRootPart_Torso.Parent = HumanoidRootPart_k17_HumanoidRootPart



--Left Leg
Left_Leg_k17_HumanoidRootPart_Torso_Left_Leg = Instance.new("Pose")
Left_Leg_k17_HumanoidRootPart_Torso_Left_Leg.Name = "Left Leg"
Left_Leg_k17_HumanoidRootPart_Torso_Left_Leg.CFrame = cf(0.000000, 0.000000, 0.000000, 0.982698, -0.016257, 0.184500, 0.000000, 0.996141, 0.087772, -0.185215, -0.086253, 0.978905)
Left_Leg_k17_HumanoidRootPart_Torso_Left_Leg.Parent = Torso_k17_HumanoidRootPart_Torso



--Head
Head_k17_HumanoidRootPart_Torso_Head = Instance.new("Pose")
Head_k17_HumanoidRootPart_Torso_Head.Name = "Head"
Head_k17_HumanoidRootPart_Torso_Head.CFrame = cf(0.000000, 0.000000, 0.000000, 0.844205, 0.536021, 0.000000, -0.536007, 0.844183, -0.007229, -0.003875, 0.006103, 0.999974)
Head_k17_HumanoidRootPart_Torso_Head.Parent = Torso_k17_HumanoidRootPart_Torso



--Left Arm
Left_Arm_k17_HumanoidRootPart_Torso_Left_Arm = Instance.new("Pose")
Left_Arm_k17_HumanoidRootPart_Torso_Left_Arm.Name = "Left Arm"
Left_Arm_k17_HumanoidRootPart_Torso_Left_Arm.CFrame = cf(0.133762, -0.155152, -0.188486, 0.211475, -0.034572, 0.976772, 0.324673, 0.945108, -0.036841, -0.921881, 0.324923, 0.211092)
Left_Arm_k17_HumanoidRootPart_Torso_Left_Arm.Parent = Torso_k17_HumanoidRootPart_Torso



--Right Arm
Right_Arm_k17_HumanoidRootPart_Torso_Right_Arm = Instance.new("Pose")
Right_Arm_k17_HumanoidRootPart_Torso_Right_Arm.Name = "Right Arm"
Right_Arm_k17_HumanoidRootPart_Torso_Right_Arm.CFrame = cf(0.243325, -0.658848, 0.151634, -0.612786, -0.366013, 0.700377, 0.320148, -0.925268, -0.203430, 0.722494, 0.099566, 0.684170)
Right_Arm_k17_HumanoidRootPart_Torso_Right_Arm.Parent = Torso_k17_HumanoidRootPart_Torso



--Right Leg
Right_Leg_k17_HumanoidRootPart_Torso_Right_Leg = Instance.new("Pose")
Right_Leg_k17_HumanoidRootPart_Torso_Right_Leg.Name = "Right Leg"
Right_Leg_k17_HumanoidRootPart_Torso_Right_Leg.CFrame = cf(0.000000, 0.000000, 0.000000, 0.945087, -0.115004, -0.305916, 0.120795, 0.992678, 0.000000, 0.303676, -0.036953, 0.952058)
Right_Leg_k17_HumanoidRootPart_Torso_Right_Leg.Parent = Torso_k17_HumanoidRootPart_Torso



--Kasane_Teto
Kasane_Teto_k17_HumanoidRootPart_Kasane_Teto = Instance.new("Pose")
Kasane_Teto_k17_HumanoidRootPart_Kasane_Teto.Name = "Kasane_Teto"
Kasane_Teto_k17_HumanoidRootPart_Kasane_Teto.CFrame = cf(1.529888, 0.357925, -0.000003, 0.767082, -0.010318, 0.641466, 0.007915, 0.999947, 0.006619, -0.641500, 0.000000, 0.767123)
Kasane_Teto_k17_HumanoidRootPart_Kasane_Teto.Parent = HumanoidRootPart_k17_HumanoidRootPart



-- Keyframe 18 (Time: 0.699999988079071)
