-- KeyframeSequence Export: R15ToR6ConvertedAnimation
-- Generated on 2026-03-14 17:08:53

local KeyframeSequence = Instance.new("KeyframeSequence")
KeyframeSequence.Name = "R15ToR6ConvertedAnimation"
local cf=CFrame.new

-- Keyframe 1 (Time: 0)
 keyframe1 = Instance.new("Keyframe")
keyframe1.Time = 0
keyframe1.Parent = KeyframeSequence

--HumanoidRootPart
HumanoidRootPart_k1_HumanoidRootPart = Instance.new("Pose")
HumanoidRootPart_k1_HumanoidRootPart.Name = "HumanoidRootPart"
HumanoidRootPart_k1_HumanoidRootPart.CFrame = cf(0.000000, 0.000000, 0.000000, 1.000000, 0.000000, 0.000000, 0.000000, 1.000000, 0.000000, 0.000000, 0.000000, 1.000000)
HumanoidRootPart_k1_HumanoidRootPart.Parent = keyframe1



--Torso
Torso_k1_HumanoidRootPart_Torso = Instance.new("Pose")
Torso_k1_HumanoidRootPart_Torso.Name = "Torso"
Torso_k1_HumanoidRootPart_Torso.CFrame = cf(-0.025646, -0.051876, -0.262523, 0.992156, 0.124853, -0.006238, -0.124912, 0.992114, -0.010342, 0.004897, 0.011040, 0.999927)
Torso_k1_HumanoidRootPart_Torso.Parent = HumanoidRootPart_k1_HumanoidRootPart



--Left Leg
Left_Leg_k1_HumanoidRootPart_Torso_Left_Leg = Instance.new("Pose")
Left_Leg_k1_HumanoidRootPart_Torso_Left_Leg.Name = "Left Leg"
Left_Leg_k1_HumanoidRootPart_Torso_Left_Leg.CFrame = cf(-0.550362, -0.126132, 0.088444, 0.786046, -0.590623, 0.182473, 0.612963, 0.782921, -0.106350, -0.080049, 0.195445, 0.977442)
Left_Leg_k1_HumanoidRootPart_Torso_Left_Leg.Parent = Torso_k1_HumanoidRootPart_Torso



--Right Arm
Right_Arm_k1_HumanoidRootPart_Torso_Right_Arm = Instance.new("Pose")
Right_Arm_k1_HumanoidRootPart_Torso_Right_Arm.Name = "Right Arm"
Right_Arm_k1_HumanoidRootPart_Torso_Right_Arm.CFrame = cf(-0.432380, 0.125722, 0.308874, 0.775625, -0.456108, 0.436316, 0.392905, 0.889885, 0.231796, -0.493995, -0.008356, 0.869425)
Right_Arm_k1_HumanoidRootPart_Torso_Right_Arm.Parent = Torso_k1_HumanoidRootPart_Torso



--Head
Head_k1_HumanoidRootPart_Torso_Head = Instance.new("Pose")
Head_k1_HumanoidRootPart_Torso_Head.Name = "Head"
Head_k1_HumanoidRootPart_Torso_Head.CFrame = cf(0.000924, 0.002476, 0.000013, 0.968764, -0.202542, 0.143087, 0.205735, 0.978577, -0.007729, -0.138457, 0.036926, 0.989680)
Head_k1_HumanoidRootPart_Torso_Head.Parent = Torso_k1_HumanoidRootPart_Torso



--Right Leg
Right_Leg_k1_HumanoidRootPart_Torso_Right_Leg = Instance.new("Pose")
Right_Leg_k1_HumanoidRootPart_Torso_Right_Leg.Name = "Right Leg"
Right_Leg_k1_HumanoidRootPart_Torso_Right_Leg.CFrame = cf(0.568162, -0.100357, 0.199475, 0.713387, 0.621583, -0.323594, -0.662662, 0.748565, -0.022991, 0.227941, 0.230835, 0.945917)
Right_Leg_k1_HumanoidRootPart_Torso_Right_Leg.Parent = Torso_k1_HumanoidRootPart_Torso



--Left Arm
Left_Arm_k1_HumanoidRootPart_Torso_Left_Arm = Instance.new("Pose")
Left_Arm_k1_HumanoidRootPart_Torso_Left_Arm.Name = "Left Arm"
Left_Arm_k1_HumanoidRootPart_Torso_Left_Arm.CFrame = cf(0.458615, 0.078692, 0.199133, 0.822151, 0.502962, -0.266640, -0.476170, 0.864285, 0.162087, 0.311977, -0.006294, 0.950069)
Left_Arm_k1_HumanoidRootPart_Torso_Left_Arm.Parent = Torso_k1_HumanoidRootPart_Torso



-- Keyframe 2 (Time: 0.03333333507180214)
 keyframe2 = Instance.new("Keyframe")
keyframe2.Time = 0.03333333507180214
keyframe2.Parent = KeyframeSequence

--HumanoidRootPart
HumanoidRootPart_k2_HumanoidRootPart = Instance.new("Pose")
HumanoidRootPart_k2_HumanoidRootPart.Name = "HumanoidRootPart"
HumanoidRootPart_k2_HumanoidRootPart.CFrame = cf(0.000000, 0.000000, 0.000000, 1.000000, 0.000000, 0.000000, 0.000000, 1.000000, 0.000000, 0.000000, 0.000000, 1.000000)
HumanoidRootPart_k2_HumanoidRootPart.Parent = keyframe2



--Torso
Torso_k2_HumanoidRootPart_Torso = Instance.new("Pose")
Torso_k2_HumanoidRootPart_Torso.Name = "Torso"
Torso_k2_HumanoidRootPart_Torso.CFrame = cf(0.009842, -0.074867, -0.259107, 0.981017, 0.193853, -0.005265, -0.193918, 0.980407, -0.034617, -0.001548, 0.034981, 0.999387)
Torso_k2_HumanoidRootPart_Torso.Parent = HumanoidRootPart_k2_HumanoidRootPart



--Left Leg
Left_Leg_k2_HumanoidRootPart_Torso_Left_Leg = Instance.new("Pose")
Left_Leg_k2_HumanoidRootPart_Torso_Left_Leg.Name = "Left Leg"
Left_Leg_k2_HumanoidRootPart_Torso_Left_Leg.CFrame = cf(-0.580793, -0.121524, 0.126709, 0.764158, -0.598490, 0.240566, 0.633942, 0.765689, -0.108805, -0.119080, 0.235649, 0.964515)
Left_Leg_k2_HumanoidRootPart_Torso_Left_Leg.Parent = Torso_k2_HumanoidRootPart_Torso



--Right Arm
Right_Arm_k2_HumanoidRootPart_Torso_Right_Arm = Instance.new("Pose")
Right_Arm_k2_HumanoidRootPart_Torso_Right_Arm.Name = "Right Arm"
Right_Arm_k2_HumanoidRootPart_Torso_Right_Arm.CFrame = cf(-0.454544, 0.068066, 0.421120, 0.450248, -0.755347, 0.476158, 0.710188, 0.626173, 0.321777, -0.541211, 0.193282, 0.818372)
Right_Arm_k2_HumanoidRootPart_Torso_Right_Arm.Parent = Torso_k2_HumanoidRootPart_Torso



--Head
Head_k2_HumanoidRootPart_Torso_Head = Instance.new("Pose")
Head_k2_HumanoidRootPart_Torso_Head.Name = "Head"
Head_k2_HumanoidRootPart_Torso_Head.CFrame = cf(-0.000365, 0.007265, -0.000095, 0.970950, -0.202064, 0.128163, 0.205236, 0.978640, -0.011906, -0.123020, 0.037864, 0.991682)
Head_k2_HumanoidRootPart_Torso_Head.Parent = Torso_k2_HumanoidRootPart_Torso



--Right Leg
Right_Leg_k2_HumanoidRootPart_Torso_Right_Leg = Instance.new("Pose")
Right_Leg_k2_HumanoidRootPart_Torso_Right_Leg.Name = "Right Leg"
Right_Leg_k2_HumanoidRootPart_Torso_Right_Leg.CFrame = cf(0.711193, -0.044308, 0.283672, 0.688925, 0.623093, -0.370320, -0.690358, 0.719748, -0.073274, 0.220881, 0.306134, 0.926010)
Right_Leg_k2_HumanoidRootPart_Torso_Right_Leg.Parent = Torso_k2_HumanoidRootPart_Torso



--Left Arm
Left_Arm_k2_HumanoidRootPart_Torso_Left_Arm = Instance.new("Pose")
Left_Arm_k2_HumanoidRootPart_Torso_Left_Arm.Name = "Left Arm"
Left_Arm_k2_HumanoidRootPart_Torso_Left_Arm.CFrame = cf(0.577163, 0.029024, 0.192005, 0.566424, 0.804273, -0.179747, -0.783333, 0.593194, 0.185768, 0.256033, 0.035578, 0.966013)
Left_Arm_k2_HumanoidRootPart_Torso_Left_Arm.Parent = Torso_k2_HumanoidRootPart_Torso



-- Keyframe 3 (Time: 0.06666667014360428)
 keyframe3 = Instance.new("Keyframe")
keyframe3.Time = 0.06666667014360428
keyframe3.Parent = KeyframeSequence

--HumanoidRootPart
HumanoidRootPart_k3_HumanoidRootPart = Instance.new("Pose")
HumanoidRootPart_k3_HumanoidRootPart.Name = "HumanoidRootPart"
HumanoidRootPart_k3_HumanoidRootPart.CFrame = cf(0.000000, 0.000000, 0.000000, 1.000000, 0.000000, 0.000000, 0.000000, 1.000000, 0.000000, 0.000000, 0.000000, 1.000000)
HumanoidRootPart_k3_HumanoidRootPart.Parent = keyframe3



--Torso
Torso_k3_HumanoidRootPart_Torso = Instance.new("Pose")
Torso_k3_HumanoidRootPart_Torso.Name = "Torso"
Torso_k3_HumanoidRootPart_Torso.CFrame = cf(0.049728, -0.075459, -0.214662, 0.949784, 0.312414, -0.017523, -0.312876, 0.947451, -0.066669, -0.004226, 0.068803, 0.997621)
Torso_k3_HumanoidRootPart_Torso.Parent = HumanoidRootPart_k3_HumanoidRootPart



--Left Leg
Left_Leg_k3_HumanoidRootPart_Torso_Left_Leg = Instance.new("Pose")
Left_Leg_k3_HumanoidRootPart_Torso_Left_Leg.Name = "Left Leg"
Left_Leg_k3_HumanoidRootPart_Torso_Left_Leg.CFrame = cf(-0.648807, -0.080685, 0.125461, 0.787648, -0.571333, 0.230627, 0.604203, 0.789533, -0.107589, -0.120619, 0.224088, 0.967076)
Left_Leg_k3_HumanoidRootPart_Torso_Left_Leg.Parent = Torso_k3_HumanoidRootPart_Torso



--Right Arm
Right_Arm_k3_HumanoidRootPart_Torso_Right_Arm = Instance.new("Pose")
Right_Arm_k3_HumanoidRootPart_Torso_Right_Arm.Name = "Right Arm"
Right_Arm_k3_HumanoidRootPart_Torso_Right_Arm.CFrame = cf(-0.325571, -0.072340, 0.567871, -0.220834, -0.868993, 0.442814, 0.858215, 0.042562, 0.511522, -0.463356, 0.492991, 0.736384)
Right_Arm_k3_HumanoidRootPart_Torso_Right_Arm.Parent = Torso_k3_HumanoidRootPart_Torso



--Head
Head_k3_HumanoidRootPart_Torso_Head = Instance.new("Pose")
Head_k3_HumanoidRootPart_Torso_Head.Name = "Head"
Head_k3_HumanoidRootPart_Torso_Head.CFrame = cf(-0.000909, 0.014026, -0.000448, 0.965244, -0.233238, 0.117915, 0.236367, 0.971576, -0.013087, -0.111512, 0.040503, 0.992938)
Head_k3_HumanoidRootPart_Torso_Head.Parent = Torso_k3_HumanoidRootPart_Torso



--Right Leg
Right_Leg_k3_HumanoidRootPart_Torso_Right_Leg = Instance.new("Pose")
Right_Leg_k3_HumanoidRootPart_Torso_Right_Leg.Name = "Right Leg"
Right_Leg_k3_HumanoidRootPart_Torso_Right_Leg.CFrame = cf(0.861100, 0.160190, 0.405554, 0.748678, 0.532057, -0.395469, -0.639337, 0.737229, -0.218499, 0.175298, 0.416423, 0.892111)
Right_Leg_k3_HumanoidRootPart_Torso_Right_Leg.Parent = Torso_k3_HumanoidRootPart_Torso



--Left Arm
Left_Arm_k3_HumanoidRootPart_Torso_Left_Arm = Instance.new("Pose")
Left_Arm_k3_HumanoidRootPart_Torso_Left_Arm.Name = "Left Arm"
Left_Arm_k3_HumanoidRootPart_Torso_Left_Arm.CFrame = cf(0.513057, -0.149622, 0.252775, 0.015700, 0.989810, -0.141524, -0.960389, 0.054313, 0.273320, 0.278221, 0.131627, 0.951455)
Left_Arm_k3_HumanoidRootPart_Torso_Left_Arm.Parent = Torso_k3_HumanoidRootPart_Torso



-- Keyframe 4 (Time: 0.10000000149011612)
 keyframe4 = Instance.new("Keyframe")
keyframe4.Time = 0.10000000149011612
keyframe4.Parent = KeyframeSequence

--HumanoidRootPart
HumanoidRootPart_k4_HumanoidRootPart = Instance.new("Pose")
HumanoidRootPart_k4_HumanoidRootPart.Name = "HumanoidRootPart"
HumanoidRootPart_k4_HumanoidRootPart.CFrame = cf(0.000000, 0.000000, 0.000000, 1.000000, 0.000000, 0.000000, 0.000000, 1.000000, 0.000000, 0.000000, 0.000000, 1.000000)
HumanoidRootPart_k4_HumanoidRootPart.Parent = keyframe4



--Torso
Torso_k4_HumanoidRootPart_Torso = Instance.new("Pose")
Torso_k4_HumanoidRootPart_Torso.Name = "Torso"
Torso_k4_HumanoidRootPart_Torso.CFrame = cf(0.086330, -0.072632, -0.227041, 0.888678, 0.456600, -0.042038, -0.458390, 0.882384, -0.106192, -0.011393, 0.113641, 0.993457)
Torso_k4_HumanoidRootPart_Torso.Parent = HumanoidRootPart_k4_HumanoidRootPart



--Left Leg
Left_Leg_k4_HumanoidRootPart_Torso_Left_Leg = Instance.new("Pose")
Left_Leg_k4_HumanoidRootPart_Torso_Left_Leg.Name = "Left Leg"
Left_Leg_k4_HumanoidRootPart_Torso_Left_Leg.CFrame = cf(-0.677852, -0.007214, 0.114559, 0.820858, -0.534489, 0.201281, 0.559376, 0.823518, -0.094428, -0.115288, 0.190103, 0.974972)
Left_Leg_k4_HumanoidRootPart_Torso_Left_Leg.Parent = Torso_k4_HumanoidRootPart_Torso



--Right Arm
Right_Arm_k4_HumanoidRootPart_Torso_Right_Arm = Instance.new("Pose")
Right_Arm_k4_HumanoidRootPart_Torso_Right_Arm.Name = "Right Arm"
Right_Arm_k4_HumanoidRootPart_Torso_Right_Arm.CFrame = cf(0.042842, -0.167279, 0.548925, -0.686395, -0.692638, 0.221617, 0.636811, -0.425302, 0.643110, -0.351189, 0.582555, 0.733005)
Right_Arm_k4_HumanoidRootPart_Torso_Right_Arm.Parent = Torso_k4_HumanoidRootPart_Torso



--Head
Head_k4_HumanoidRootPart_Torso_Head = Instance.new("Pose")
Head_k4_HumanoidRootPart_Torso_Head.Name = "Head"
Head_k4_HumanoidRootPart_Torso_Head.CFrame = cf(-0.002354, 0.022992, -0.001294, 0.951662, -0.289216, 0.103410, 0.286496, 0.957222, 0.040580, -0.110723, -0.008991, 0.993811)
Head_k4_HumanoidRootPart_Torso_Head.Parent = Torso_k4_HumanoidRootPart_Torso



--Right Leg
Right_Leg_k4_HumanoidRootPart_Torso_Right_Leg = Instance.new("Pose")
Right_Leg_k4_HumanoidRootPart_Torso_Right_Leg.Name = "Right Leg"
Right_Leg_k4_HumanoidRootPart_Torso_Right_Leg.CFrame = cf(1.013816, 0.524490, 0.380569, 0.878386, 0.416852, -0.233822, -0.475091, 0.814962, -0.331851, 0.052224, 0.402580, 0.913894)
Right_Leg_k4_HumanoidRootPart_Torso_Right_Leg.Parent = Torso_k4_HumanoidRootPart_Torso



--Left Arm
Left_Arm_k4_HumanoidRootPart_Torso_Left_Arm = Instance.new("Pose")
Left_Arm_k4_HumanoidRootPart_Torso_Left_Arm.Name = "Left Arm"
Left_Arm_k4_HumanoidRootPart_Torso_Left_Arm.CFrame = cf(0.201499, -0.271492, 0.415040, -0.560807, 0.812411, -0.159637, -0.772311, -0.443819, 0.454489, 0.298382, 0.378171, 0.876331)
Left_Arm_k4_HumanoidRootPart_Torso_Left_Arm.Parent = Torso_k4_HumanoidRootPart_Torso



-- Keyframe 5 (Time: 0.13333334028720856)
 keyframe5 = Instance.new("Keyframe")
keyframe5.Time = 0.13333334028720856
keyframe5.Parent = KeyframeSequence

--HumanoidRootPart
HumanoidRootPart_k5_HumanoidRootPart = Instance.new("Pose")
HumanoidRootPart_k5_HumanoidRootPart.Name = "HumanoidRootPart"
HumanoidRootPart_k5_HumanoidRootPart.CFrame = cf(0.000000, 0.000000, 0.000000, 1.000000, 0.000000, 0.000000, 0.000000, 1.000000, 0.000000, 0.000000, 0.000000, 1.000000)
HumanoidRootPart_k5_HumanoidRootPart.Parent = keyframe5



--Torso
Torso_k5_HumanoidRootPart_Torso = Instance.new("Pose")
Torso_k5_HumanoidRootPart_Torso.Name = "Torso"
Torso_k5_HumanoidRootPart_Torso.CFrame = cf(0.115627, -0.067371, -0.300175, 0.822240, 0.564440, -0.073000, -0.568704, 0.809797, -0.144238, -0.022299, 0.160114, 0.986847)
Torso_k5_HumanoidRootPart_Torso.Parent = HumanoidRootPart_k5_HumanoidRootPart



--Left Leg
Left_Leg_k5_HumanoidRootPart_Torso_Left_Leg = Instance.new("Pose")
Left_Leg_k5_HumanoidRootPart_Torso_Left_Leg.Name = "Left Leg"
Left_Leg_k5_HumanoidRootPart_Torso_Left_Leg.CFrame = cf(-0.656954, 0.075560, 0.097180, 0.855517, -0.490376, 0.166197, 0.509195, 0.855012, -0.098361, -0.093866, 0.168776, 0.981175)
Left_Leg_k5_HumanoidRootPart_Torso_Left_Leg.Parent = Torso_k5_HumanoidRootPart_Torso



--Right Arm
Right_Arm_k5_HumanoidRootPart_Torso_Right_Arm = Instance.new("Pose")
Right_Arm_k5_HumanoidRootPart_Torso_Right_Arm.Name = "Right Arm"
Right_Arm_k5_HumanoidRootPart_Torso_Right_Arm.CFrame = cf(0.367475, -0.018685, 0.426512, -0.825670, -0.563063, 0.035032, 0.443177, -0.608939, 0.657865, -0.349088, 0.558706, 0.752320)
Right_Arm_k5_HumanoidRootPart_Torso_Right_Arm.Parent = Torso_k5_HumanoidRootPart_Torso



--Head
Head_k5_HumanoidRootPart_Torso_Head = Instance.new("Pose")
Head_k5_HumanoidRootPart_Torso_Head.Name = "Head"
Head_k5_HumanoidRootPart_Torso_Head.CFrame = cf(-0.004548, 0.032281, -0.002644, 0.944952, -0.320871, 0.064096, 0.309651, 0.940226, 0.141740, -0.105745, -0.114090, 0.987827)
Head_k5_HumanoidRootPart_Torso_Head.Parent = Torso_k5_HumanoidRootPart_Torso



--Right Leg
Right_Leg_k5_HumanoidRootPart_Torso_Right_Leg = Instance.new("Pose")
Right_Leg_k5_HumanoidRootPart_Torso_Right_Leg.Name = "Right Leg"
Right_Leg_k5_HumanoidRootPart_Torso_Right_Leg.CFrame = cf(0.943913, 1.013916, 0.282908, 0.979525, 0.198270, -0.034907, -0.198864, 0.925926, -0.321114, -0.031346, 0.321481, 0.946397)
Right_Leg_k5_HumanoidRootPart_Torso_Right_Leg.Parent = Torso_k5_HumanoidRootPart_Torso



--Left Arm
Left_Arm_k5_HumanoidRootPart_Torso_Left_Arm = Instance.new("Pose")
Left_Arm_k5_HumanoidRootPart_Torso_Left_Arm.Name = "Left Arm"
Left_Arm_k5_HumanoidRootPart_Torso_Left_Arm.CFrame = cf(-0.091873, -0.208689, 0.497002, -0.796612, 0.588181, -0.139469, -0.538207, -0.585082, 0.606640, 0.275214, 0.558320, 0.782647)
Left_Arm_k5_HumanoidRootPart_Torso_Left_Arm.Parent = Torso_k5_HumanoidRootPart_Torso



-- Keyframe 6 (Time: 0.1666666716337204)
 keyframe6 = Instance.new("Keyframe")
keyframe6.Time = 0.1666666716337204
keyframe6.Parent = KeyframeSequence

--HumanoidRootPart
HumanoidRootPart_k6_HumanoidRootPart = Instance.new("Pose")
HumanoidRootPart_k6_HumanoidRootPart.Name = "HumanoidRootPart"
HumanoidRootPart_k6_HumanoidRootPart.CFrame = cf(0.000000, 0.000000, 0.000000, 1.000000, 0.000000, 0.000000, 0.000000, 1.000000, 0.000000, 0.000000, 0.000000, 1.000000)
HumanoidRootPart_k6_HumanoidRootPart.Parent = keyframe6



--Torso
Torso_k6_HumanoidRootPart_Torso = Instance.new("Pose")
Torso_k6_HumanoidRootPart_Torso.Name = "Torso"
Torso_k6_HumanoidRootPart_Torso.CFrame = cf(0.120445, -0.082737, -0.351175, 0.809654, 0.580281, -0.087944, -0.586123, 0.791703, -0.172239, -0.030322, 0.191000, 0.981122)
Torso_k6_HumanoidRootPart_Torso.Parent = HumanoidRootPart_k6_HumanoidRootPart



--Left Leg
Left_Leg_k6_HumanoidRootPart_Torso_Left_Leg = Instance.new("Pose")
Left_Leg_k6_HumanoidRootPart_Torso_Left_Leg.Name = "Left Leg"
Left_Leg_k6_HumanoidRootPart_Torso_Left_Leg.CFrame = cf(-0.620763, 0.121247, 0.112581, 0.867114, -0.460510, 0.189852, 0.483795, 0.869340, -0.100949, -0.118558, 0.179384, 0.976609)
Left_Leg_k6_HumanoidRootPart_Torso_Left_Leg.Parent = Torso_k6_HumanoidRootPart_Torso



--Right Arm
Right_Arm_k6_HumanoidRootPart_Torso_Right_Arm = Instance.new("Pose")
Right_Arm_k6_HumanoidRootPart_Torso_Right_Arm.Name = "Right Arm"
Right_Arm_k6_HumanoidRootPart_Torso_Right_Arm.CFrame = cf(0.440839, 0.147239, 0.351844, -0.787123, -0.616745, 0.007940, 0.432044, -0.542119, 0.720725, -0.440199, 0.570730, 0.693175)
Right_Arm_k6_HumanoidRootPart_Torso_Right_Arm.Parent = Torso_k6_HumanoidRootPart_Torso



--Head
Head_k6_HumanoidRootPart_Torso_Head = Instance.new("Pose")
Head_k6_HumanoidRootPart_Torso_Head.Name = "Head"
Head_k6_HumanoidRootPart_Torso_Head.CFrame = cf(-0.006137, 0.038456, -0.003814, 0.961145, -0.273534, 0.037139, 0.258841, 0.939805, 0.223088, -0.095925, -0.204807, 0.974091)
Head_k6_HumanoidRootPart_Torso_Head.Parent = Torso_k6_HumanoidRootPart_Torso



--Right Leg
Right_Leg_k6_HumanoidRootPart_Torso_Right_Leg = Instance.new("Pose")
Right_Leg_k6_HumanoidRootPart_Torso_Right_Leg.Name = "Right Leg"
Right_Leg_k6_HumanoidRootPart_Torso_Right_Leg.CFrame = cf(0.596214, 1.216676, 0.390592, 0.994134, -0.105559, 0.023540, 0.106408, 0.915739, -0.387426, 0.019339, 0.387658, 0.921600)
Right_Leg_k6_HumanoidRootPart_Torso_Right_Leg.Parent = Torso_k6_HumanoidRootPart_Torso



--Left Arm
Left_Arm_k6_HumanoidRootPart_Torso_Left_Arm = Instance.new("Pose")
Left_Arm_k6_HumanoidRootPart_Torso_Left_Arm.Name = "Left Arm"
Left_Arm_k6_HumanoidRootPart_Torso_Left_Arm.CFrame = cf(-0.235323, -0.069301, 0.503728, -0.787978, 0.600779, -0.134740, -0.494653, -0.487407, 0.719550, 0.366617, 0.633639, 0.681244)
Left_Arm_k6_HumanoidRootPart_Torso_Left_Arm.Parent = Torso_k6_HumanoidRootPart_Torso



-- Keyframe 7 (Time: 0.20000000298023224)
 keyframe7 = Instance.new("Keyframe")
keyframe7.Time = 0.20000000298023224
keyframe7.Parent = KeyframeSequence

--HumanoidRootPart
HumanoidRootPart_k7_HumanoidRootPart = Instance.new("Pose")
HumanoidRootPart_k7_HumanoidRootPart.Name = "HumanoidRootPart"
HumanoidRootPart_k7_HumanoidRootPart.CFrame = cf(0.000000, 0.000000, 0.000000, 1.000000, 0.000000, 0.000000, 0.000000, 1.000000, 0.000000, 0.000000, 0.000000, 1.000000)
HumanoidRootPart_k7_HumanoidRootPart.Parent = keyframe7



--Torso
Torso_k7_HumanoidRootPart_Torso = Instance.new("Pose")
Torso_k7_HumanoidRootPart_Torso.Name = "Torso"
Torso_k7_HumanoidRootPart_Torso.CFrame = cf(0.101036, -0.151611, -0.296236, 0.848239, 0.523945, -0.077278, -0.528942, 0.830752, -0.173413, -0.026660, 0.187971, 0.981813)
Torso_k7_HumanoidRootPart_Torso.Parent = HumanoidRootPart_k7_HumanoidRootPart



--Left Leg
Left_Leg_k7_HumanoidRootPart_Torso_Left_Leg = Instance.new("Pose")
Left_Leg_k7_HumanoidRootPart_Torso_Left_Leg.Name = "Left Leg"
Left_Leg_k7_HumanoidRootPart_Torso_Left_Leg.CFrame = cf(-0.642470, 0.076912, 0.101661, 0.854631, -0.487682, 0.178247, 0.509414, 0.853964, -0.106025, -0.100510, 0.181414, 0.978257)
Left_Leg_k7_HumanoidRootPart_Torso_Left_Leg.Parent = Torso_k7_HumanoidRootPart_Torso



--Right Arm
Right_Arm_k7_HumanoidRootPart_Torso_Right_Arm = Instance.new("Pose")
Right_Arm_k7_HumanoidRootPart_Torso_Right_Arm.Name = "Right Arm"
Right_Arm_k7_HumanoidRootPart_Torso_Right_Arm.CFrame = cf(0.347516, 0.117499, 0.350677, -0.542575, -0.831224, 0.121155, 0.597288, -0.280350, 0.751432, -0.590643, 0.480073, 0.648592)
Right_Arm_k7_HumanoidRootPart_Torso_Right_Arm.Parent = Torso_k7_HumanoidRootPart_Torso



--Head
Head_k7_HumanoidRootPart_Torso_Head = Instance.new("Pose")
Head_k7_HumanoidRootPart_Torso_Head.Name = "Head"
Head_k7_HumanoidRootPart_Torso_Head.CFrame = cf(-0.005378, 0.037856, -0.003681, 0.985845, -0.160705, 0.047781, 0.145268, 0.961050, 0.235118, -0.083704, -0.224849, 0.970792)
Head_k7_HumanoidRootPart_Torso_Head.Parent = Torso_k7_HumanoidRootPart_Torso



--Right Leg
Right_Leg_k7_HumanoidRootPart_Torso_Right_Leg = Instance.new("Pose")
Right_Leg_k7_HumanoidRootPart_Torso_Right_Leg.Name = "Right Leg"
Right_Leg_k7_HumanoidRootPart_Torso_Right_Leg.CFrame = cf(0.478839, 1.051269, 0.607170, 0.987391, -0.138936, -0.075867, 0.076492, 0.838346, -0.539746, 0.138593, 0.527137, 0.838403)
Right_Leg_k7_HumanoidRootPart_Torso_Right_Leg.Parent = Torso_k7_HumanoidRootPart_Torso



--Left Arm
Left_Arm_k7_HumanoidRootPart_Torso_Left_Arm = Instance.new("Pose")
Left_Arm_k7_HumanoidRootPart_Torso_Left_Arm.Name = "Left Arm"
Left_Arm_k7_HumanoidRootPart_Torso_Left_Arm.CFrame = cf(-0.212078, -0.036628, 0.476761, -0.638590, 0.713729, -0.287740, -0.622076, -0.258659, 0.738997, 0.453017, 0.650912, 0.609171)
Left_Arm_k7_HumanoidRootPart_Torso_Left_Arm.Parent = Torso_k7_HumanoidRootPart_Torso



-- Keyframe 8 (Time: 0.23333333432674408)
 keyframe8 = Instance.new("Keyframe")
keyframe8.Time = 0.23333333432674408
keyframe8.Parent = KeyframeSequence

--HumanoidRootPart
HumanoidRootPart_k8_HumanoidRootPart = Instance.new("Pose")
HumanoidRootPart_k8_HumanoidRootPart.Name = "HumanoidRootPart"
HumanoidRootPart_k8_HumanoidRootPart.CFrame = cf(0.000000, 0.000000, 0.000000, 1.000000, 0.000000, 0.000000, 0.000000, 1.000000, 0.000000, 0.000000, 0.000000, 1.000000)
HumanoidRootPart_k8_HumanoidRootPart.Parent = keyframe8



--Torso
Torso_k8_HumanoidRootPart_Torso = Instance.new("Pose")
Torso_k8_HumanoidRootPart_Torso.Name = "Torso"
Torso_k8_HumanoidRootPart_Torso.CFrame = cf(0.064156, -0.266121, -0.140020, 0.882744, 0.467037, -0.051370, -0.469424, 0.871975, -0.138930, -0.020093, 0.146754, 0.988969)
Torso_k8_HumanoidRootPart_Torso.Parent = HumanoidRootPart_k8_HumanoidRootPart



--Left Leg
Left_Leg_k8_HumanoidRootPart_Torso_Left_Leg = Instance.new("Pose")
Left_Leg_k8_HumanoidRootPart_Torso_Left_Leg.Name = "Left Leg"
Left_Leg_k8_HumanoidRootPart_Torso_Left_Leg.CFrame = cf(-0.573822, -0.015976, 0.066150, 0.848251, -0.500175, 0.174056, 0.521595, 0.845936, -0.111042, -0.091700, 0.184978, 0.978455)
Left_Leg_k8_HumanoidRootPart_Torso_Left_Leg.Parent = Torso_k8_HumanoidRootPart_Torso



--Right Arm
Right_Arm_k8_HumanoidRootPart_Torso_Right_Arm = Instance.new("Pose")
Right_Arm_k8_HumanoidRootPart_Torso_Right_Arm.Name = "Right Arm"
Right_Arm_k8_HumanoidRootPart_Torso_Right_Arm.CFrame = cf(0.103317, -0.007671, 0.362024, -0.010236, -0.962522, 0.271009, 0.765259, 0.166911, 0.621707, -0.643641, 0.213756, 0.734871)
Right_Arm_k8_HumanoidRootPart_Torso_Right_Arm.Parent = Torso_k8_HumanoidRootPart_Torso



--Head
Head_k8_HumanoidRootPart_Torso_Head = Instance.new("Pose")
Head_k8_HumanoidRootPart_Torso_Head.Name = "Head"
Head_k8_HumanoidRootPart_Torso_Head.CFrame = cf(-0.004035, 0.029617, -0.002234, 0.996843, -0.053457, 0.058706, 0.042791, 0.984532, 0.169900, -0.066880, -0.166852, 0.983711)
Head_k8_HumanoidRootPart_Torso_Head.Parent = Torso_k8_HumanoidRootPart_Torso



--Right Leg
Right_Leg_k8_HumanoidRootPart_Torso_Right_Leg = Instance.new("Pose")
Right_Leg_k8_HumanoidRootPart_Torso_Right_Leg.Name = "Right Leg"
Right_Leg_k8_HumanoidRootPart_Torso_Right_Leg.CFrame = cf(0.800855, 0.907045, 0.482240, 0.961583, 0.146597, -0.232094, -0.225551, 0.903843, -0.363586, 0.156476, 0.401967, 0.902185)
Right_Leg_k8_HumanoidRootPart_Torso_Right_Leg.Parent = Torso_k8_HumanoidRootPart_Torso



--Left Arm
Left_Arm_k8_HumanoidRootPart_Torso_Left_Arm = Instance.new("Pose")
Left_Arm_k8_HumanoidRootPart_Torso_Left_Arm.Name = "Left Arm"
Left_Arm_k8_HumanoidRootPart_Torso_Left_Arm.CFrame = cf(0.044050, -0.103005, 0.463862, -0.237280, 0.793953, -0.559765, -0.838377, 0.123722, 0.530865, 0.490737, 0.595257, 0.636275)
Left_Arm_k8_HumanoidRootPart_Torso_Left_Arm.Parent = Torso_k8_HumanoidRootPart_Torso



-- Keyframe 9 (Time: 0.2666666805744171)
 keyframe9 = Instance.new("Keyframe")
keyframe9.Time = 0.2666666805744171
keyframe9.Parent = KeyframeSequence

--HumanoidRootPart
HumanoidRootPart_k9_HumanoidRootPart = Instance.new("Pose")
HumanoidRootPart_k9_HumanoidRootPart.Name = "HumanoidRootPart"
HumanoidRootPart_k9_HumanoidRootPart.CFrame = cf(0.000000, 0.000000, 0.000000, 1.000000, 0.000000, 0.000000, 0.000000, 1.000000, 0.000000, 0.000000, 0.000000, 1.000000)
HumanoidRootPart_k9_HumanoidRootPart.Parent = keyframe9



--Torso
Torso_k9_HumanoidRootPart_Torso = Instance.new("Pose")
Torso_k9_HumanoidRootPart_Torso.Name = "Torso"
Torso_k9_HumanoidRootPart_Torso.CFrame = cf(-0.005352, -0.418106, -0.008583, 0.904911, 0.425529, -0.007843, -0.424667, 0.901552, -0.082835, -0.028178, 0.078289, 0.996532)
Torso_k9_HumanoidRootPart_Torso.Parent = HumanoidRootPart_k9_HumanoidRootPart



--Left Leg
Left_Leg_k9_HumanoidRootPart_Torso_Left_Leg = Instance.new("Pose")
Left_Leg_k9_HumanoidRootPart_Torso_Left_Leg.Name = "Left Leg"
Left_Leg_k9_HumanoidRootPart_Torso_Left_Leg.CFrame = cf(-0.289748, -0.082345, 0.065776, 0.817947, -0.488140, 0.304438, 0.538655, 0.835664, -0.107314, -0.202023, 0.251764, 0.946468)
Left_Leg_k9_HumanoidRootPart_Torso_Left_Leg.Parent = Torso_k9_HumanoidRootPart_Torso



--Right Arm
Right_Arm_k9_HumanoidRootPart_Torso_Right_Arm = Instance.new("Pose")
Right_Arm_k9_HumanoidRootPart_Torso_Right_Arm.Name = "Right Arm"
Right_Arm_k9_HumanoidRootPart_Torso_Right_Arm.CFrame = cf(-0.224696, -0.016491, 0.280573, 0.643187, -0.714968, 0.274100, 0.615514, 0.695696, 0.370337, -0.455469, -0.069484, 0.887536)
Right_Arm_k9_HumanoidRootPart_Torso_Right_Arm.Parent = Torso_k9_HumanoidRootPart_Torso



--Head
Head_k9_HumanoidRootPart_Torso_Head = Instance.new("Pose")
Head_k9_HumanoidRootPart_Torso_Head.Name = "Head"
Head_k9_HumanoidRootPart_Torso_Head.CFrame = cf(-0.005628, 0.015929, -0.000693, 0.997884, 0.028029, 0.058657, -0.031523, 0.997730, 0.059512, -0.056856, -0.061235, 0.996503)
Head_k9_HumanoidRootPart_Torso_Head.Parent = Torso_k9_HumanoidRootPart_Torso



--Right Leg
Right_Leg_k9_HumanoidRootPart_Torso_Right_Leg = Instance.new("Pose")
Right_Leg_k9_HumanoidRootPart_Torso_Right_Leg.Name = "Right Leg"
Right_Leg_k9_HumanoidRootPart_Torso_Right_Leg.CFrame = cf(0.845867, 0.460773, 0.344906, 0.913071, 0.276167, -0.300055, -0.349578, 0.908945, -0.227186, 0.209991, 0.312330, 0.926474)
Right_Leg_k9_HumanoidRootPart_Torso_Right_Leg.Parent = Torso_k9_HumanoidRootPart_Torso



--Left Arm
Left_Arm_k9_HumanoidRootPart_Torso_Left_Arm = Instance.new("Pose")
Left_Arm_k9_HumanoidRootPart_Torso_Left_Arm.Name = "Left Arm"
Left_Arm_k9_HumanoidRootPart_Torso_Left_Arm.CFrame = cf(0.335971, -0.027764, 0.390547, 0.332426, 0.707246, -0.623936, -0.793721, 0.567120, 0.219959, 0.509412, 0.422111, 0.749881)
Left_Arm_k9_HumanoidRootPart_Torso_Left_Arm.Parent = Torso_k9_HumanoidRootPart_Torso



-- Keyframe 10 (Time: 0.30000001192092896)
 keyframe10 = Instance.new("Keyframe")
keyframe10.Time = 0.30000001192092896
keyframe10.Parent = KeyframeSequence

--HumanoidRootPart
HumanoidRootPart_k10_HumanoidRootPart = Instance.new("Pose")
HumanoidRootPart_k10_HumanoidRootPart.Name = "HumanoidRootPart"
HumanoidRootPart_k10_HumanoidRootPart.CFrame = cf(0.000000, 0.000000, 0.000000, 1.000000, 0.000000, 0.000000, 0.000000, 1.000000, 0.000000, 0.000000, 0.000000, 1.000000)
HumanoidRootPart_k10_HumanoidRootPart.Parent = keyframe10



--Torso
Torso_k10_HumanoidRootPart_Torso = Instance.new("Pose")
Torso_k10_HumanoidRootPart_Torso.Name = "Torso"
Torso_k10_HumanoidRootPart_Torso.CFrame = cf(-0.102509, -0.580509, -0.014921, 0.917813, 0.395721, 0.032008, -0.395125, 0.918327, -0.023481, -0.038686, 0.008904, 0.999212)
Torso_k10_HumanoidRootPart_Torso.Parent = HumanoidRootPart_k10_HumanoidRootPart



--Left Leg
Left_Leg_k10_HumanoidRootPart_Torso_Left_Leg = Instance.new("Pose")
Left_Leg_k10_HumanoidRootPart_Torso_Left_Leg.Name = "Left Leg"
Left_Leg_k10_HumanoidRootPart_Torso_Left_Leg.CFrame = cf(0.232759, 0.035046, -0.034831, 0.767322, -0.384354, 0.513312, 0.470243, 0.881493, -0.042904, -0.435991, 0.274302, 0.857129)
Left_Leg_k10_HumanoidRootPart_Torso_Left_Leg.Parent = Torso_k10_HumanoidRootPart_Torso



--Right Arm
Right_Arm_k10_HumanoidRootPart_Torso_Right_Arm = Instance.new("Pose")
Right_Arm_k10_HumanoidRootPart_Torso_Right_Arm.Name = "Right Arm"
Right_Arm_k10_HumanoidRootPart_Torso_Right_Arm.CFrame = cf(-0.448579, 0.136867, 0.123351, 0.984523, -0.151563, 0.087994, 0.133095, 0.973258, 0.187232, -0.114019, -0.172622, 0.978367)
Right_Arm_k10_HumanoidRootPart_Torso_Right_Arm.Parent = Torso_k10_HumanoidRootPart_Torso



--Head
Head_k10_HumanoidRootPart_Torso_Head = Instance.new("Pose")
Head_k10_HumanoidRootPart_Torso_Head.Name = "Head"
Head_k10_HumanoidRootPart_Torso_Head.CFrame = cf(-0.007718, 0.002051, -0.000135, 0.993881, 0.083804, 0.071961, -0.081877, 0.996211, -0.029321, -0.074146, 0.023249, 0.996977)
Head_k10_HumanoidRootPart_Torso_Head.Parent = Torso_k10_HumanoidRootPart_Torso



--Right Leg
Right_Leg_k10_HumanoidRootPart_Torso_Right_Leg = Instance.new("Pose")
Right_Leg_k10_HumanoidRootPart_Torso_Right_Leg.Name = "Right Leg"
Right_Leg_k10_HumanoidRootPart_Torso_Right_Leg.CFrame = cf(0.719058, 0.152444, 0.167402, 0.909344, 0.333063, -0.249323, -0.374050, 0.916866, -0.139442, 0.182153, 0.220060, 0.958329)
Right_Leg_k10_HumanoidRootPart_Torso_Right_Leg.Parent = Torso_k10_HumanoidRootPart_Torso



--Left Arm
Left_Arm_k10_HumanoidRootPart_Torso_Left_Arm = Instance.new("Pose")
Left_Arm_k10_HumanoidRootPart_Torso_Left_Arm.Name = "Left Arm"
Left_Arm_k10_HumanoidRootPart_Torso_Left_Arm.CFrame = cf(0.480920, 0.131074, 0.229469, 0.824220, 0.370431, -0.428301, -0.388070, 0.920318, 0.049169, 0.412386, 0.125685, 0.902297)
Left_Arm_k10_HumanoidRootPart_Torso_Left_Arm.Parent = Torso_k10_HumanoidRootPart_Torso



-- Keyframe 11 (Time: 0.3333333432674408)
 keyframe11 = Instance.new("Keyframe")
keyframe11.Time = 0.3333333432674408
keyframe11.Parent = KeyframeSequence

--HumanoidRootPart
HumanoidRootPart_k11_HumanoidRootPart = Instance.new("Pose")
HumanoidRootPart_k11_HumanoidRootPart.Name = "HumanoidRootPart"
HumanoidRootPart_k11_HumanoidRootPart.CFrame = cf(0.000000, 0.000000, 0.000000, 1.000000, 0.000000, 0.000000, 0.000000, 1.000000, 0.000000, 0.000000, 0.000000, 1.000000)
HumanoidRootPart_k11_HumanoidRootPart.Parent = keyframe11



--Torso
Torso_k11_HumanoidRootPart_Torso = Instance.new("Pose")
Torso_k11_HumanoidRootPart_Torso.Name = "Torso"
Torso_k11_HumanoidRootPart_Torso.CFrame = cf(-0.178436, -0.714916, -0.126775, 0.920250, 0.388730, 0.045034, -0.389752, 0.920775, 0.016340, -0.035114, -0.032589, 0.998852)
Torso_k11_HumanoidRootPart_Torso.Parent = HumanoidRootPart_k11_HumanoidRootPart



--Left Leg
Left_Leg_k11_HumanoidRootPart_Torso_Left_Leg = Instance.new("Pose")
Left_Leg_k11_HumanoidRootPart_Torso_Left_Leg.Name = "Left Leg"
Left_Leg_k11_HumanoidRootPart_Torso_Left_Leg.CFrame = cf(0.453441, 0.126215, -0.114987, 0.690125, -0.392776, 0.607828, 0.489676, 0.871872, 0.007424, -0.532864, 0.292515, 0.794034)
Left_Leg_k11_HumanoidRootPart_Torso_Left_Leg.Parent = Torso_k11_HumanoidRootPart_Torso



--Right Arm
Right_Arm_k11_HumanoidRootPart_Torso_Right_Arm = Instance.new("Pose")
Right_Arm_k11_HumanoidRootPart_Torso_Right_Arm.Name = "Right Arm"
Right_Arm_k11_HumanoidRootPart_Torso_Right_Arm.CFrame = cf(-0.494515, 0.257803, -0.001067, 0.963977, 0.233643, -0.127124, -0.203177, 0.955250, 0.214980, 0.171663, -0.181407, 0.968309)
Right_Arm_k11_HumanoidRootPart_Torso_Right_Arm.Parent = Torso_k11_HumanoidRootPart_Torso



--Head
Head_k11_HumanoidRootPart_Torso_Head = Instance.new("Pose")
Head_k11_HumanoidRootPart_Torso_Head.Name = "Head"
Head_k11_HumanoidRootPart_Torso_Head.CFrame = cf(-0.006992, -0.006247, -0.000209, 0.989817, 0.094856, 0.106132, -0.093040, 0.995421, -0.021945, -0.107728, 0.011847, 0.994110)
Head_k11_HumanoidRootPart_Torso_Head.Parent = Torso_k11_HumanoidRootPart_Torso



--Right Leg
Right_Leg_k11_HumanoidRootPart_Torso_Right_Leg = Instance.new("Pose")
Right_Leg_k11_HumanoidRootPart_Torso_Right_Leg.Name = "Right Leg"
Right_Leg_k11_HumanoidRootPart_Torso_Right_Leg.CFrame = cf(0.712834, -0.005373, -0.042099, 0.902578, 0.428991, -0.036330, -0.430470, 0.897876, -0.092265, -0.006961, 0.098915, 0.995072)
Right_Leg_k11_HumanoidRootPart_Torso_Right_Leg.Parent = Torso_k11_HumanoidRootPart_Torso



--Left Arm
Left_Arm_k11_HumanoidRootPart_Torso_Left_Arm = Instance.new("Pose")
Left_Arm_k11_HumanoidRootPart_Torso_Left_Arm.Name = "Left Arm"
Left_Arm_k11_HumanoidRootPart_Torso_Left_Arm.CFrame = cf(0.492881, 0.230621, 0.078426, 0.990811, -0.055062, -0.123539, 0.069386, 0.990961, 0.114811, 0.116100, -0.122327, 0.985676)
Left_Arm_k11_HumanoidRootPart_Torso_Left_Arm.Parent = Torso_k11_HumanoidRootPart_Torso



-- Keyframe 12 (Time: 0.36666667461395264)
 keyframe12 = Instance.new("Keyframe")
keyframe12.Time = 0.36666667461395264
keyframe12.Parent = KeyframeSequence

--HumanoidRootPart
HumanoidRootPart_k12_HumanoidRootPart = Instance.new("Pose")
HumanoidRootPart_k12_HumanoidRootPart.Name = "HumanoidRootPart"
HumanoidRootPart_k12_HumanoidRootPart.CFrame = cf(0.000000, 0.000000, 0.000000, 1.000000, 0.000000, 0.000000, 0.000000, 1.000000, 0.000000, 0.000000, 0.000000, 1.000000)
HumanoidRootPart_k12_HumanoidRootPart.Parent = keyframe12



--Torso
Torso_k12_HumanoidRootPart_Torso = Instance.new("Pose")
Torso_k12_HumanoidRootPart_Torso.Name = "Torso"
Torso_k12_HumanoidRootPart_Torso.CFrame = cf(-0.209965, -0.800690, -0.217626, 0.926149, 0.375227, 0.038112, -0.376269, 0.926170, 0.025112, -0.025875, -0.037598, 0.998958)
Torso_k12_HumanoidRootPart_Torso.Parent = HumanoidRootPart_k12_HumanoidRootPart



--Left Leg
Left_Leg_k12_HumanoidRootPart_Torso_Left_Leg = Instance.new("Pose")
Left_Leg_k12_HumanoidRootPart_Torso_Left_Leg.Name = "Left Leg"
Left_Leg_k12_HumanoidRootPart_Torso_Left_Leg.CFrame = cf(0.473462, 0.099783, -0.114093, 0.710963, -0.428020, 0.557970, 0.531395, 0.846674, -0.027615, -0.460599, 0.316135, 0.829401)
Left_Leg_k12_HumanoidRootPart_Torso_Left_Leg.Parent = Torso_k12_HumanoidRootPart_Torso



--Right Arm
Right_Arm_k12_HumanoidRootPart_Torso_Right_Arm = Instance.new("Pose")
Right_Arm_k12_HumanoidRootPart_Torso_Right_Arm.Name = "Right Arm"
Right_Arm_k12_HumanoidRootPart_Torso_Right_Arm.CFrame = cf(-0.492946, 0.275577, -0.031514, 0.928105, 0.315402, -0.197845, -0.252359, 0.923604, 0.288565, 0.273744, -0.217890, 0.936797)
Right_Arm_k12_HumanoidRootPart_Torso_Right_Arm.Parent = Torso_k12_HumanoidRootPart_Torso



--Head
Head_k12_HumanoidRootPart_Torso_Head = Instance.new("Pose")
Head_k12_HumanoidRootPart_Torso_Head.Name = "Head"
Head_k12_HumanoidRootPart_Torso_Head.CFrame = cf(-0.005156, -0.007250, -0.000209, 0.989066, 0.076335, 0.126180, -0.084228, 0.994731, 0.058441, -0.121054, -0.068430, 0.990285)
Head_k12_HumanoidRootPart_Torso_Head.Parent = Torso_k12_HumanoidRootPart_Torso



--Right Leg
Right_Leg_k12_HumanoidRootPart_Torso_Right_Leg = Instance.new("Pose")
Right_Leg_k12_HumanoidRootPart_Torso_Right_Leg.Name = "Right Leg"
Right_Leg_k12_HumanoidRootPart_Torso_Right_Leg.CFrame = cf(0.715559, -0.079612, -0.078389, 0.851473, 0.524216, 0.013830, -0.519178, 0.846415, -0.118475, -0.073812, 0.093698, 0.992861)
Right_Leg_k12_HumanoidRootPart_Torso_Right_Leg.Parent = Torso_k12_HumanoidRootPart_Torso



--Left Arm
Left_Arm_k12_HumanoidRootPart_Torso_Left_Arm = Instance.new("Pose")
Left_Arm_k12_HumanoidRootPart_Torso_Left_Arm.Name = "Left Arm"
Left_Arm_k12_HumanoidRootPart_Torso_Left_Arm.CFrame = cf(0.501040, 0.257217, 0.027975, 0.984595, -0.164354, 0.059674, 0.139746, 0.944789, 0.296386, -0.105092, -0.283480, 0.953202)
Left_Arm_k12_HumanoidRootPart_Torso_Left_Arm.Parent = Torso_k12_HumanoidRootPart_Torso



-- Keyframe 13 (Time: 0.4000000059604645)
 keyframe13 = Instance.new("Keyframe")
keyframe13.Time = 0.4000000059604645
keyframe13.Parent = KeyframeSequence

--HumanoidRootPart
HumanoidRootPart_k13_HumanoidRootPart = Instance.new("Pose")
HumanoidRootPart_k13_HumanoidRootPart.Name = "HumanoidRootPart"
HumanoidRootPart_k13_HumanoidRootPart.CFrame = cf(0.000000, 0.000000, 0.000000, 1.000000, 0.000000, 0.000000, 0.000000, 1.000000, 0.000000, 0.000000, 0.000000, 1.000000)
HumanoidRootPart_k13_HumanoidRootPart.Parent = keyframe13



--Torso
Torso_k13_HumanoidRootPart_Torso = Instance.new("Pose")
Torso_k13_HumanoidRootPart_Torso.Name = "Torso"
Torso_k13_HumanoidRootPart_Torso.CFrame = cf(-0.217834, -0.849834, -0.202040, 0.944963, 0.326101, 0.026526, -0.326414, 0.945190, 0.008340, -0.022353, -0.016540, 0.999613)
Torso_k13_HumanoidRootPart_Torso.Parent = HumanoidRootPart_k13_HumanoidRootPart



--Left Leg
Left_Leg_k13_HumanoidRootPart_Torso_Left_Leg = Instance.new("Pose")
Left_Leg_k13_HumanoidRootPart_Torso_Left_Leg.Name = "Left Leg"
Left_Leg_k13_HumanoidRootPart_Torso_Left_Leg.CFrame = cf(0.434586, 0.047817, -0.100731, 0.773125, -0.426537, 0.469408, 0.516939, 0.852579, -0.076698, -0.367492, 0.301953, 0.879644)
Left_Leg_k13_HumanoidRootPart_Torso_Left_Leg.Parent = Torso_k13_HumanoidRootPart_Torso



--Right Arm
Right_Arm_k13_HumanoidRootPart_Torso_Right_Arm = Instance.new("Pose")
Right_Arm_k13_HumanoidRootPart_Torso_Right_Arm.Name = "Right Arm"
Right_Arm_k13_HumanoidRootPart_Torso_Right_Arm.CFrame = cf(-0.576557, 0.302706, 0.021537, 0.997262, 0.037471, -0.063748, -0.019281, 0.964044, 0.265041, 0.071387, -0.263086, 0.962127)
Right_Arm_k13_HumanoidRootPart_Torso_Right_Arm.Parent = Torso_k13_HumanoidRootPart_Torso



--Head
Head_k13_HumanoidRootPart_Torso_Head = Instance.new("Pose")
Head_k13_HumanoidRootPart_Torso_Head.Name = "Head"
Head_k13_HumanoidRootPart_Torso_Head.CFrame = cf(-0.004454, -0.003035, -0.000098, 0.988329, 0.076416, 0.131778, -0.093708, 0.987016, 0.130453, -0.120099, -0.141279, 0.982658)
Head_k13_HumanoidRootPart_Torso_Head.Parent = Torso_k13_HumanoidRootPart_Torso



--Right Leg
Right_Leg_k13_HumanoidRootPart_Torso_Right_Leg = Instance.new("Pose")
Right_Leg_k13_HumanoidRootPart_Torso_Right_Leg.Name = "Right Leg"
Right_Leg_k13_HumanoidRootPart_Torso_Right_Leg.CFrame = cf(0.637219, -0.057375, -0.029215, 0.869074, 0.494053, -0.024940, -0.493248, 0.861616, -0.119680, -0.037640, 0.116312, 0.992499)
Right_Leg_k13_HumanoidRootPart_Torso_Right_Leg.Parent = Torso_k13_HumanoidRootPart_Torso



--Left Arm
Left_Arm_k13_HumanoidRootPart_Torso_Left_Arm = Instance.new("Pose")
Left_Arm_k13_HumanoidRootPart_Torso_Left_Arm.Name = "Left Arm"
Left_Arm_k13_HumanoidRootPart_Torso_Left_Arm.CFrame = cf(0.625548, 0.310865, 0.044622, 0.986580, 0.159875, 0.033146, -0.159666, 0.902237, 0.400594, 0.034140, -0.400510, 0.915656)
Left_Arm_k13_HumanoidRootPart_Torso_Left_Arm.Parent = Torso_k13_HumanoidRootPart_Torso



-- Keyframe 14 (Time: 0.4333333373069763)
 keyframe14 = Instance.new("Keyframe")
keyframe14.Time = 0.4333333373069763
keyframe14.Parent = KeyframeSequence

--HumanoidRootPart
HumanoidRootPart_k14_HumanoidRootPart = Instance.new("Pose")
HumanoidRootPart_k14_HumanoidRootPart.Name = "HumanoidRootPart"
HumanoidRootPart_k14_HumanoidRootPart.CFrame = cf(0.000000, 0.000000, 0.000000, 1.000000, 0.000000, 0.000000, 0.000000, 1.000000, 0.000000, 0.000000, 0.000000, 1.000000)
HumanoidRootPart_k14_HumanoidRootPart.Parent = keyframe14



--Torso
Torso_k14_HumanoidRootPart_Torso = Instance.new("Pose")
Torso_k14_HumanoidRootPart_Torso.Name = "Torso"
Torso_k14_HumanoidRootPart_Torso.CFrame = cf(-0.218731, -0.863689, -0.117034, 0.969579, 0.244114, 0.018045, -0.243712, 0.969601, -0.021889, -0.022840, 0.016825, 0.999598)
Torso_k14_HumanoidRootPart_Torso.Parent = HumanoidRootPart_k14_HumanoidRootPart



--Left Leg
Left_Leg_k14_HumanoidRootPart_Torso_Left_Leg = Instance.new("Pose")
Left_Leg_k14_HumanoidRootPart_Torso_Left_Leg.Name = "Left Leg"
Left_Leg_k14_HumanoidRootPart_Torso_Left_Leg.CFrame = cf(-0.071004, -0.198240, 0.089418, 0.654839, -0.644797, 0.394237, 0.725932, 0.681753, -0.090749, -0.210258, 0.345615, 0.914517)
Left_Leg_k14_HumanoidRootPart_Torso_Left_Leg.Parent = Torso_k14_HumanoidRootPart_Torso



--Right Arm
Right_Arm_k14_HumanoidRootPart_Torso_Right_Arm = Instance.new("Pose")
Right_Arm_k14_HumanoidRootPart_Torso_Right_Arm.Name = "Right Arm"
Right_Arm_k14_HumanoidRootPart_Torso_Right_Arm.CFrame = cf(-0.730245, 0.294186, 0.210330, 0.774323, -0.601689, 0.195945, 0.553338, 0.794042, 0.251622, -0.306987, -0.086413, 0.947783)
Right_Arm_k14_HumanoidRootPart_Torso_Right_Arm.Parent = Torso_k14_HumanoidRootPart_Torso



--Head
Head_k14_HumanoidRootPart_Torso_Head = Instance.new("Pose")
Head_k14_HumanoidRootPart_Torso_Head.Name = "Head"
