-- KeyframeSequence Export: EmoteAnimation_79705547848609
-- Generated on 2026-04-21 13:55:48

local KeyframeSequence = Instance.new("KeyframeSequence")
KeyframeSequence.Name = "EmoteAnimation_79705547848609"
local cf=CFrame.new

-- Keyframe 1 (Time: 0)
 keyframe1 = Instance.new("Keyframe")
keyframe1.Time = 0
keyframe1.Parent = KeyframeSequence

--HumanoidRootPart
HumanoidRootPart_k1_HumanoidRootPart = Instance.new("Pose")
HumanoidRootPart_k1_HumanoidRootPart.Name = "HumanoidRootPart"
HumanoidRootPart_k1_HumanoidRootPart.CFrame = cf(0.000000, 0.000000, 0.000000, 1.000000, 0.000000, 0.000000, 0.000000, 1.000000, 0.000000, 0.000000, 0.000000, 1.000000)
HumanoidRootPart_k1_HumanoidRootPart.Parent = keyframe1



--Torso
Torso_k1_HumanoidRootPart_Torso = Instance.new("Pose")
Torso_k1_HumanoidRootPart_Torso.Name = "Torso"
Torso_k1_HumanoidRootPart_Torso.CFrame = cf(0.000000, 0.000000, -0.147464, 0.920974, 0.382978, 0.071661, -0.383798, 0.923414, -0.002502, -0.067131, -0.025199, 0.997426)
Torso_k1_HumanoidRootPart_Torso.Parent = HumanoidRootPart_k1_HumanoidRootPart



--Head
Head_k1_HumanoidRootPart_Torso_Head = Instance.new("Pose")
Head_k1_HumanoidRootPart_Torso_Head.Name = "Head"
Head_k1_HumanoidRootPart_Torso_Head.CFrame = cf(-0.000000, 0.000000, -0.000000, 0.966657, -0.243217, -0.080121, 0.229476, 0.961613, -0.150468, 0.113641, 0.127065, 0.985363)
Head_k1_HumanoidRootPart_Torso_Head.Parent = Torso_k1_HumanoidRootPart_Torso



--Left Leg
Left_Leg_k1_HumanoidRootPart_Torso_Left_Leg = Instance.new("Pose")
Left_Leg_k1_HumanoidRootPart_Torso_Left_Leg.Name = "Left Leg"
Left_Leg_k1_HumanoidRootPart_Torso_Left_Leg.CFrame = cf(0.084283, -0.007669, -0.013106, 0.933876, -0.143414, 0.327579, 0.063374, 0.967931, 0.243090, -0.351937, -0.206256, 0.913017)
Left_Leg_k1_HumanoidRootPart_Torso_Left_Leg.Parent = Torso_k1_HumanoidRootPart_Torso



--Right Arm
Right_Arm_k1_HumanoidRootPart_Torso_Right_Arm = Instance.new("Pose")
Right_Arm_k1_HumanoidRootPart_Torso_Right_Arm.Name = "Right Arm"
Right_Arm_k1_HumanoidRootPart_Torso_Right_Arm.CFrame = cf(-0.048783, -0.345000, -0.088494, 0.766935, 0.105745, -0.632953, 0.070823, 0.966357, 0.247260, 0.637805, -0.234460, 0.733644)
Right_Arm_k1_HumanoidRootPart_Torso_Right_Arm.Parent = Torso_k1_HumanoidRootPart_Torso



--Right Leg
Right_Leg_k1_HumanoidRootPart_Torso_Right_Leg = Instance.new("Pose")
Right_Leg_k1_HumanoidRootPart_Torso_Right_Leg.Name = "Right Leg"
Right_Leg_k1_HumanoidRootPart_Torso_Right_Leg.CFrame = cf(0.057766, -0.047323, -0.058291, 0.994206, -0.038948, -0.100194, 0.051195, 0.991119, 0.122726, 0.094523, -0.127145, 0.987369)
Right_Leg_k1_HumanoidRootPart_Torso_Right_Leg.Parent = Torso_k1_HumanoidRootPart_Torso



--Left Arm
Left_Arm_k1_HumanoidRootPart_Torso_Left_Arm = Instance.new("Pose")
Left_Arm_k1_HumanoidRootPart_Torso_Left_Arm.Name = "Left Arm"
Left_Arm_k1_HumanoidRootPart_Torso_Left_Arm.CFrame = cf(0.004523, -0.228197, 0.022604, 0.904911, 0.000253, -0.425602, 0.120032, 0.959253, 0.255782, 0.408325, -0.282546, 0.868008)
Left_Arm_k1_HumanoidRootPart_Torso_Left_Arm.Parent = Torso_k1_HumanoidRootPart_Torso



-- Keyframe 2 (Time: 0.03333333507180214)
 keyframe2 = Instance.new("Keyframe")
keyframe2.Time = 0.03333333507180214
keyframe2.Parent = KeyframeSequence

--HumanoidRootPart
HumanoidRootPart_k2_HumanoidRootPart = Instance.new("Pose")
HumanoidRootPart_k2_HumanoidRootPart.Name = "HumanoidRootPart"
HumanoidRootPart_k2_HumanoidRootPart.CFrame = cf(0.000000, 0.000000, 0.000000, 1.000000, 0.000000, 0.000000, 0.000000, 1.000000, 0.000000, 0.000000, 0.000000, 1.000000)
HumanoidRootPart_k2_HumanoidRootPart.Parent = keyframe2



--Torso
Torso_k2_HumanoidRootPart_Torso = Instance.new("Pose")
Torso_k2_HumanoidRootPart_Torso.Name = "Torso"
Torso_k2_HumanoidRootPart_Torso.CFrame = cf(0.000000, 0.000000, -0.201029, 0.924785, 0.373676, 0.071682, -0.374520, 0.927217, -0.001781, -0.067131, -0.025199, 0.997426)
Torso_k2_HumanoidRootPart_Torso.Parent = HumanoidRootPart_k2_HumanoidRootPart



--Left Leg
Left_Leg_k2_HumanoidRootPart_Torso_Left_Leg = Instance.new("Pose")
Left_Leg_k2_HumanoidRootPart_Torso_Left_Leg.Name = "Left Leg"
Left_Leg_k2_HumanoidRootPart_Torso_Left_Leg.CFrame = cf(0.081680, 0.032732, -0.019918, 0.933876, -0.143414, 0.327579, 0.063374, 0.967931, 0.243090, -0.351937, -0.206256, 0.913016)
Left_Leg_k2_HumanoidRootPart_Torso_Left_Leg.Parent = Torso_k2_HumanoidRootPart_Torso



--Right Arm
Right_Arm_k2_HumanoidRootPart_Torso_Right_Arm = Instance.new("Pose")
Right_Arm_k2_HumanoidRootPart_Torso_Right_Arm.Name = "Right Arm"
Right_Arm_k2_HumanoidRootPart_Torso_Right_Arm.CFrame = cf(-0.048208, -0.322243, -0.086962, 0.742806, 0.112432, -0.659998, 0.085391, 0.961838, 0.259956, 0.664038, -0.249454, 0.704859)
Right_Arm_k2_HumanoidRootPart_Torso_Right_Arm.Parent = Torso_k2_HumanoidRootPart_Torso



--Right Leg
Right_Leg_k2_HumanoidRootPart_Torso_Right_Leg = Instance.new("Pose")
Right_Leg_k2_HumanoidRootPart_Torso_Right_Leg.Name = "Right Leg"
Right_Leg_k2_HumanoidRootPart_Torso_Right_Leg.CFrame = cf(0.057942, 0.011193, -0.058306, 0.993348, -0.031686, -0.110702, 0.045551, 0.991104, 0.125053, 0.105755, -0.129264, 0.985955)
Right_Leg_k2_HumanoidRootPart_Torso_Right_Leg.Parent = Torso_k2_HumanoidRootPart_Torso



--Left Arm
Left_Arm_k2_HumanoidRootPart_Torso_Left_Arm = Instance.new("Pose")
Left_Arm_k2_HumanoidRootPart_Torso_Left_Arm.Name = "Left Arm"
Left_Arm_k2_HumanoidRootPart_Torso_Left_Arm.CFrame = cf(0.003551, -0.189741, 0.020017, 0.904911, 0.005783, -0.425563, 0.120032, 0.955849, 0.268225, 0.408325, -0.293801, 0.864264)
Left_Arm_k2_HumanoidRootPart_Torso_Left_Arm.Parent = Torso_k2_HumanoidRootPart_Torso



-- Keyframe 3 (Time: 0.13333334028720856)
 keyframe3 = Instance.new("Keyframe")
keyframe3.Time = 0.13333334028720856
keyframe3.Parent = KeyframeSequence

--HumanoidRootPart
HumanoidRootPart_k3_HumanoidRootPart = Instance.new("Pose")
HumanoidRootPart_k3_HumanoidRootPart.Name = "HumanoidRootPart"
HumanoidRootPart_k3_HumanoidRootPart.CFrame = cf(0.000000, 0.000000, 0.000000, 1.000000, 0.000000, 0.000000, 0.000000, 1.000000, 0.000000, 0.000000, 0.000000, 1.000000)
HumanoidRootPart_k3_HumanoidRootPart.Parent = keyframe3



--Torso
Torso_k3_HumanoidRootPart_Torso = Instance.new("Pose")
Torso_k3_HumanoidRootPart_Torso.Name = "Torso"
Torso_k3_HumanoidRootPart_Torso.CFrame = cf(0.001449, 0.000010, -0.214977, 0.933813, 0.350502, 0.071704, -0.351406, 0.936223, 0.000002, -0.067131, -0.025199, 0.997426)
Torso_k3_HumanoidRootPart_Torso.Parent = HumanoidRootPart_k3_HumanoidRootPart



--Left Leg
Left_Leg_k3_HumanoidRootPart_Torso_Left_Leg = Instance.new("Pose")
Left_Leg_k3_HumanoidRootPart_Torso_Left_Leg.Name = "Left Leg"
Left_Leg_k3_HumanoidRootPart_Torso_Left_Leg.CFrame = cf(0.079579, 0.030078, -0.025350, 0.933876, -0.143414, 0.327579, 0.063374, 0.967931, 0.243090, -0.351937, -0.206256, 0.913016)
Left_Leg_k3_HumanoidRootPart_Torso_Left_Leg.Parent = Torso_k3_HumanoidRootPart_Torso



--Right Arm
Right_Arm_k3_HumanoidRootPart_Torso_Right_Arm = Instance.new("Pose")
Right_Arm_k3_HumanoidRootPart_Torso_Right_Arm.Name = "Right Arm"
Right_Arm_k3_HumanoidRootPart_Torso_Right_Arm.CFrame = cf(-0.047634, -0.299487, -0.085430, 0.680340, 0.128424, -0.721557, 0.122291, 0.950833, 0.284536, 0.722622, -0.281821, 0.631185)
Right_Arm_k3_HumanoidRootPart_Torso_Right_Arm.Parent = Torso_k3_HumanoidRootPart_Torso



--Right Leg
Right_Leg_k3_HumanoidRootPart_Torso_Right_Leg = Instance.new("Pose")
Right_Leg_k3_HumanoidRootPart_Torso_Right_Leg.Name = "Right Leg"
Right_Leg_k3_HumanoidRootPart_Torso_Right_Leg.CFrame = cf(0.040584, 0.016878, -0.051262, 0.991560, -0.028570, -0.126459, 0.044990, 0.990629, 0.128955, 0.121590, -0.133556, 0.983554)
Right_Leg_k3_HumanoidRootPart_Torso_Right_Leg.Parent = Torso_k3_HumanoidRootPart_Torso



--Left Arm
Left_Arm_k3_HumanoidRootPart_Torso_Left_Arm = Instance.new("Pose")
Left_Arm_k3_HumanoidRootPart_Torso_Left_Arm.Name = "Left Arm"
Left_Arm_k3_HumanoidRootPart_Torso_Left_Arm.CFrame = cf(0.003159, -0.174200, 0.018972, 0.904911, 0.014989, -0.425338, 0.120032, 0.949823, 0.288841, 0.408325, -0.312430, 0.857705)
Left_Arm_k3_HumanoidRootPart_Torso_Left_Arm.Parent = Torso_k3_HumanoidRootPart_Torso



-- Keyframe 4 (Time: 0.21666666865348816)
 keyframe4 = Instance.new("Keyframe")
keyframe4.Time = 0.21666666865348816
keyframe4.Parent = KeyframeSequence

--HumanoidRootPart
HumanoidRootPart_k4_HumanoidRootPart = Instance.new("Pose")
HumanoidRootPart_k4_HumanoidRootPart.Name = "HumanoidRootPart"
HumanoidRootPart_k4_HumanoidRootPart.CFrame = cf(0.000000, 0.000000, 0.000000, 1.000000, 0.000000, 0.000000, 0.000000, 1.000000, 0.000000, 0.000000, 0.000000, 1.000000)
HumanoidRootPart_k4_HumanoidRootPart.Parent = keyframe4



--Torso
Torso_k4_HumanoidRootPart_Torso = Instance.new("Pose")
Torso_k4_HumanoidRootPart_Torso.Name = "Torso"
Torso_k4_HumanoidRootPart_Torso.CFrame = cf(0.000966, 0.000007, -0.140501, 0.932567, 0.353803, 0.071704, -0.354699, 0.934981, -0.000251, -0.067131, -0.025199, 0.997426)
Torso_k4_HumanoidRootPart_Torso.Parent = HumanoidRootPart_k4_HumanoidRootPart



--Left Leg
Left_Leg_k4_HumanoidRootPart_Torso_Left_Leg = Instance.new("Pose")
Left_Leg_k4_HumanoidRootPart_Torso_Left_Leg.Name = "Left Leg"
Left_Leg_k4_HumanoidRootPart_Torso_Left_Leg.CFrame = cf(0.081831, -0.010766, -0.019443, 0.933876, -0.143414, 0.327579, 0.063374, 0.967931, 0.243090, -0.351937, -0.206256, 0.913016)
Left_Leg_k4_HumanoidRootPart_Torso_Left_Leg.Parent = Torso_k4_HumanoidRootPart_Torso



--Right Arm
Right_Arm_k4_HumanoidRootPart_Torso_Right_Arm = Instance.new("Pose")
Right_Arm_k4_HumanoidRootPart_Torso_Right_Arm.Name = "Right Arm"
Right_Arm_k4_HumanoidRootPart_Torso_Right_Arm.CFrame = cf(-0.059989, -0.320360, -0.097119, 0.714536, 0.090400, -0.693733, 0.123881, 0.959597, 0.252639, 0.688543, -0.266460, 0.674468)
Right_Arm_k4_HumanoidRootPart_Torso_Right_Arm.Parent = Torso_k4_HumanoidRootPart_Torso



--Right Leg
Right_Leg_k4_HumanoidRootPart_Torso_Right_Leg = Instance.new("Pose")
Right_Leg_k4_HumanoidRootPart_Torso_Right_Leg.Name = "Right Leg"
Right_Leg_k4_HumanoidRootPart_Torso_Right_Leg.CFrame = cf(0.037515, -0.040691, -0.050074, 0.992311, -0.035353, -0.118616, 0.050500, 0.990588, 0.127224, 0.113002, -0.132236, 0.984756)
Right_Leg_k4_HumanoidRootPart_Torso_Right_Leg.Parent = Torso_k4_HumanoidRootPart_Torso



--Left Arm
Left_Arm_k4_HumanoidRootPart_Torso_Left_Arm = Instance.new("Pose")
Left_Arm_k4_HumanoidRootPart_Torso_Left_Arm.Name = "Left Arm"
Left_Arm_k4_HumanoidRootPart_Torso_Left_Arm.CFrame = cf(0.004065, -0.210066, 0.021385, 0.904911, 0.005481, -0.425566, 0.120032, 0.956040, 0.267545, 0.408325, -0.293186, 0.864473)
Left_Arm_k4_HumanoidRootPart_Torso_Left_Arm.Parent = Torso_k4_HumanoidRootPart_Torso



-- Keyframe 5 (Time: 0.30000001192092896)
 keyframe5 = Instance.new("Keyframe")
keyframe5.Time = 0.30000001192092896
keyframe5.Parent = KeyframeSequence

--HumanoidRootPart
HumanoidRootPart_k5_HumanoidRootPart = Instance.new("Pose")
HumanoidRootPart_k5_HumanoidRootPart.Name = "HumanoidRootPart"
HumanoidRootPart_k5_HumanoidRootPart.CFrame = cf(0.000000, 0.000000, 0.000000, 1.000000, 0.000000, 0.000000, 0.000000, 1.000000, 0.000000, 0.000000, 0.000000, 1.000000)
HumanoidRootPart_k5_HumanoidRootPart.Parent = keyframe5



--Torso
Torso_k5_HumanoidRootPart_Torso = Instance.new("Pose")
Torso_k5_HumanoidRootPart_Torso.Name = "Torso"
Torso_k5_HumanoidRootPart_Torso.CFrame = cf(0.000000, 0.000000, -0.136623, 0.924719, 0.373839, 0.071682, -0.374683, 0.927151, -0.001794, -0.067131, -0.025199, 0.997426)
Torso_k5_HumanoidRootPart_Torso.Parent = HumanoidRootPart_k5_HumanoidRootPart



--Left Leg
Left_Leg_k5_HumanoidRootPart_Torso_Left_Leg = Instance.new("Pose")
Left_Leg_k5_HumanoidRootPart_Torso_Left_Leg.Name = "Left Leg"
Left_Leg_k5_HumanoidRootPart_Torso_Left_Leg.CFrame = cf(0.083232, -0.008996, -0.015822, 0.933876, -0.143414, 0.327579, 0.063374, 0.967931, 0.243090, -0.351937, -0.206256, 0.913016)
Left_Leg_k5_HumanoidRootPart_Torso_Left_Leg.Parent = Torso_k5_HumanoidRootPart_Torso



--Right Arm
Right_Arm_k5_HumanoidRootPart_Torso_Right_Arm = Instance.new("Pose")
Right_Arm_k5_HumanoidRootPart_Torso_Right_Arm.Name = "Right Arm"
Right_Arm_k5_HumanoidRootPart_Torso_Right_Arm.CFrame = cf(-0.056509, -0.338687, -0.094925, 0.759106, 0.088837, -0.644877, 0.090586, 0.966590, 0.239787, 0.644634, -0.240441, 0.725697)
Right_Arm_k5_HumanoidRootPart_Torso_Right_Arm.Parent = Torso_k5_HumanoidRootPart_Torso



--Right Leg
Right_Leg_k5_HumanoidRootPart_Torso_Right_Leg = Instance.new("Pose")
Right_Leg_k5_HumanoidRootPart_Torso_Right_Leg.Name = "Right Leg"
Right_Leg_k5_HumanoidRootPart_Torso_Right_Leg.CFrame = cf(0.049087, -0.044481, -0.054769, 0.993436, -0.037419, -0.108095, 0.050887, 0.990895, 0.124653, 0.102447, -0.129335, 0.986295)
Right_Leg_k5_HumanoidRootPart_Torso_Right_Leg.Parent = Torso_k5_HumanoidRootPart_Torso



--Left Arm
Left_Arm_k5_HumanoidRootPart_Torso_Left_Arm = Instance.new("Pose")
Left_Arm_k5_HumanoidRootPart_Torso_Left_Arm.Name = "Left Arm"
Left_Arm_k5_HumanoidRootPart_Torso_Left_Arm.CFrame = cf(0.004392, -0.223017, 0.022256, 0.904911, -0.000354, -0.425602, 0.120032, 0.959618, 0.254413, 0.408325, -0.281307, 0.868411)
Left_Arm_k5_HumanoidRootPart_Torso_Left_Arm.Parent = Torso_k5_HumanoidRootPart_Torso



-- Keyframe 6 (Time: 0.38333332538604736)
 keyframe6 = Instance.new("Keyframe")
keyframe6.Time = 0.38333332538604736
keyframe6.Parent = KeyframeSequence

--HumanoidRootPart
HumanoidRootPart_k6_HumanoidRootPart = Instance.new("Pose")
HumanoidRootPart_k6_HumanoidRootPart.Name = "HumanoidRootPart"
HumanoidRootPart_k6_HumanoidRootPart.CFrame = cf(0.000000, 0.000000, 0.000000, 1.000000, 0.000000, 0.000000, 0.000000, 1.000000, 0.000000, 0.000000, 0.000000, 1.000000)
HumanoidRootPart_k6_HumanoidRootPart.Parent = keyframe6



--Torso
Torso_k6_HumanoidRootPart_Torso = Instance.new("Pose")
Torso_k6_HumanoidRootPart_Torso.Name = "Torso"
Torso_k6_HumanoidRootPart_Torso.CFrame = cf(0.000000, 0.000000, -0.227811, 0.926656, 0.369010, 0.071690, -0.369867, 0.929084, -0.001421, -0.067131, -0.025199, 0.997426)
Torso_k6_HumanoidRootPart_Torso.Parent = HumanoidRootPart_k6_HumanoidRootPart



--Left Leg
Left_Leg_k6_HumanoidRootPart_Torso_Left_Leg = Instance.new("Pose")
Left_Leg_k6_HumanoidRootPart_Torso_Left_Leg.Name = "Left Leg"
Left_Leg_k6_HumanoidRootPart_Torso_Left_Leg.CFrame = cf(0.080379, 0.052933, -0.023325, 0.933876, -0.143414, 0.327579, 0.063374, 0.967931, 0.243090, -0.351937, -0.206256, 0.913016)
Left_Leg_k6_HumanoidRootPart_Torso_Left_Leg.Parent = Torso_k6_HumanoidRootPart_Torso



--Right Arm
Right_Arm_k6_HumanoidRootPart_Torso_Right_Arm = Instance.new("Pose")
Right_Arm_k6_HumanoidRootPart_Torso_Right_Arm.Name = "Right Arm"
Right_Arm_k6_HumanoidRootPart_Torso_Right_Arm.CFrame = cf(-0.047921, -0.310865, -0.086196, 0.730373, 0.115985, -0.673129, 0.092845, 0.959474, 0.266065, 0.676709, -0.256823, 0.690005)
Right_Arm_k6_HumanoidRootPart_Torso_Right_Arm.Parent = Torso_k6_HumanoidRootPart_Torso



--Right Leg
Right_Leg_k6_HumanoidRootPart_Torso_Right_Leg = Instance.new("Pose")
Right_Leg_k6_HumanoidRootPart_Torso_Right_Leg.Name = "Right Leg"
Right_Leg_k6_HumanoidRootPart_Torso_Right_Leg.CFrame = cf(0.058030, 0.040451, -0.058313, 0.992860, -0.028046, -0.115946, 0.042738, 0.991079, 0.126239, 0.111371, -0.130293, 0.985201)
Right_Leg_k6_HumanoidRootPart_Torso_Right_Leg.Parent = Torso_k6_HumanoidRootPart_Torso



--Left Arm
Left_Arm_k6_HumanoidRootPart_Torso_Left_Arm = Instance.new("Pose")
Left_Arm_k6_HumanoidRootPart_Torso_Left_Arm.Name = "Left Arm"
Left_Arm_k6_HumanoidRootPart_Torso_Left_Arm.CFrame = cf(0.003065, -0.170514, 0.018724, 0.904911, 0.008548, -0.425516, 0.120032, 0.954086, 0.274430, 0.408325, -0.299410, 0.862337)
Left_Arm_k6_HumanoidRootPart_Torso_Left_Arm.Parent = Torso_k6_HumanoidRootPart_Torso



-- Keyframe 7 (Time: 0.46666666865348816)
 keyframe7 = Instance.new("Keyframe")
keyframe7.Time = 0.46666666865348816
keyframe7.Parent = KeyframeSequence

--HumanoidRootPart
HumanoidRootPart_k7_HumanoidRootPart = Instance.new("Pose")
HumanoidRootPart_k7_HumanoidRootPart.Name = "HumanoidRootPart"
HumanoidRootPart_k7_HumanoidRootPart.CFrame = cf(0.000000, 0.000000, 0.000000, 1.000000, 0.000000, 0.000000, 0.000000, 1.000000, 0.000000, 0.000000, 0.000000, 1.000000)
HumanoidRootPart_k7_HumanoidRootPart.Parent = keyframe7



--Torso
Torso_k7_HumanoidRootPart_Torso = Instance.new("Pose")
Torso_k7_HumanoidRootPart_Torso.Name = "Torso"
Torso_k7_HumanoidRootPart_Torso.CFrame = cf(0.001449, 0.000010, -0.214977, 0.933813, 0.350502, 0.071704, -0.351406, 0.936223, 0.000002, -0.067131, -0.025199, 0.997426)
Torso_k7_HumanoidRootPart_Torso.Parent = HumanoidRootPart_k7_HumanoidRootPart



--Left Leg
Left_Leg_k7_HumanoidRootPart_Torso_Left_Leg = Instance.new("Pose")
Left_Leg_k7_HumanoidRootPart_Torso_Left_Leg.Name = "Left Leg"
Left_Leg_k7_HumanoidRootPart_Torso_Left_Leg.CFrame = cf(0.079579, 0.030078, -0.025350, 0.933876, -0.143414, 0.327579, 0.063374, 0.967931, 0.243090, -0.351937, -0.206256, 0.913016)
Left_Leg_k7_HumanoidRootPart_Torso_Left_Leg.Parent = Torso_k7_HumanoidRootPart_Torso



--Right Arm
Right_Arm_k7_HumanoidRootPart_Torso_Right_Arm = Instance.new("Pose")
Right_Arm_k7_HumanoidRootPart_Torso_Right_Arm.Name = "Right Arm"
Right_Arm_k7_HumanoidRootPart_Torso_Right_Arm.CFrame = cf(-0.047634, -0.299487, -0.085430, 0.680340, 0.128424, -0.721557, 0.122291, 0.950833, 0.284536, 0.722622, -0.281821, 0.631185)
Right_Arm_k7_HumanoidRootPart_Torso_Right_Arm.Parent = Torso_k7_HumanoidRootPart_Torso



--Right Leg
Right_Leg_k7_HumanoidRootPart_Torso_Right_Leg = Instance.new("Pose")
Right_Leg_k7_HumanoidRootPart_Torso_Right_Leg.Name = "Right Leg"
Right_Leg_k7_HumanoidRootPart_Torso_Right_Leg.CFrame = cf(0.040584, 0.016878, -0.051262, 0.991560, -0.028570, -0.126459, 0.044990, 0.990629, 0.128955, 0.121590, -0.133556, 0.983554)
Right_Leg_k7_HumanoidRootPart_Torso_Right_Leg.Parent = Torso_k7_HumanoidRootPart_Torso



--Left Arm
Left_Arm_k7_HumanoidRootPart_Torso_Left_Arm = Instance.new("Pose")
Left_Arm_k7_HumanoidRootPart_Torso_Left_Arm.Name = "Left Arm"
Left_Arm_k7_HumanoidRootPart_Torso_Left_Arm.CFrame = cf(0.003159, -0.174200, 0.018972, 0.904911, 0.014989, -0.425338, 0.120032, 0.949823, 0.288841, 0.408325, -0.312430, 0.857705)
Left_Arm_k7_HumanoidRootPart_Torso_Left_Arm.Parent = Torso_k7_HumanoidRootPart_Torso



-- Keyframe 8 (Time: 0.550000011920929)
 keyframe8 = Instance.new("Keyframe")
keyframe8.Time = 0.550000011920929
keyframe8.Parent = KeyframeSequence

--HumanoidRootPart
HumanoidRootPart_k8_HumanoidRootPart = Instance.new("Pose")
HumanoidRootPart_k8_HumanoidRootPart.Name = "HumanoidRootPart"
HumanoidRootPart_k8_HumanoidRootPart.CFrame = cf(0.000000, 0.000000, 0.000000, 1.000000, 0.000000, 0.000000, 0.000000, 1.000000, 0.000000, 0.000000, 0.000000, 1.000000)
HumanoidRootPart_k8_HumanoidRootPart.Parent = keyframe8



--Torso
Torso_k8_HumanoidRootPart_Torso = Instance.new("Pose")
Torso_k8_HumanoidRootPart_Torso.Name = "Torso"
Torso_k8_HumanoidRootPart_Torso.CFrame = cf(0.000966, 0.000007, -0.140501, 0.932567, 0.353803, 0.071704, -0.354699, 0.934981, -0.000251, -0.067131, -0.025199, 0.997426)
Torso_k8_HumanoidRootPart_Torso.Parent = HumanoidRootPart_k8_HumanoidRootPart



--Left Leg
Left_Leg_k8_HumanoidRootPart_Torso_Left_Leg = Instance.new("Pose")
Left_Leg_k8_HumanoidRootPart_Torso_Left_Leg.Name = "Left Leg"
Left_Leg_k8_HumanoidRootPart_Torso_Left_Leg.CFrame = cf(0.081831, -0.010766, -0.019443, 0.933876, -0.143414, 0.327579, 0.063374, 0.967931, 0.243090, -0.351937, -0.206256, 0.913016)
Left_Leg_k8_HumanoidRootPart_Torso_Left_Leg.Parent = Torso_k8_HumanoidRootPart_Torso



--Right Arm
Right_Arm_k8_HumanoidRootPart_Torso_Right_Arm = Instance.new("Pose")
Right_Arm_k8_HumanoidRootPart_Torso_Right_Arm.Name = "Right Arm"
Right_Arm_k8_HumanoidRootPart_Torso_Right_Arm.CFrame = cf(-0.059989, -0.320360, -0.097119, 0.714536, 0.090400, -0.693733, 0.123881, 0.959597, 0.252639, 0.688543, -0.266460, 0.674468)
Right_Arm_k8_HumanoidRootPart_Torso_Right_Arm.Parent = Torso_k8_HumanoidRootPart_Torso



--Right Leg
Right_Leg_k8_HumanoidRootPart_Torso_Right_Leg = Instance.new("Pose")
Right_Leg_k8_HumanoidRootPart_Torso_Right_Leg.Name = "Right Leg"
Right_Leg_k8_HumanoidRootPart_Torso_Right_Leg.CFrame = cf(0.037515, -0.040691, -0.050074, 0.992311, -0.035353, -0.118616, 0.050500, 0.990588, 0.127224, 0.113002, -0.132236, 0.984756)
Right_Leg_k8_HumanoidRootPart_Torso_Right_Leg.Parent = Torso_k8_HumanoidRootPart_Torso



--Left Arm
Left_Arm_k8_HumanoidRootPart_Torso_Left_Arm = Instance.new("Pose")
Left_Arm_k8_HumanoidRootPart_Torso_Left_Arm.Name = "Left Arm"
Left_Arm_k8_HumanoidRootPart_Torso_Left_Arm.CFrame = cf(0.004065, -0.210066, 0.021385, 0.904911, 0.005481, -0.425566, 0.120032, 0.956040, 0.267545, 0.408325, -0.293186, 0.864473)
Left_Arm_k8_HumanoidRootPart_Torso_Left_Arm.Parent = Torso_k8_HumanoidRootPart_Torso



-- Keyframe 9 (Time: 0.6333333253860474)
 keyframe9 = Instance.new("Keyframe")
keyframe9.Time = 0.6333333253860474
keyframe9.Parent = KeyframeSequence

--HumanoidRootPart
HumanoidRootPart_k9_HumanoidRootPart = Instance.new("Pose")
HumanoidRootPart_k9_HumanoidRootPart.Name = "HumanoidRootPart"
HumanoidRootPart_k9_HumanoidRootPart.CFrame = cf(0.000000, 0.000000, 0.000000, 1.000000, 0.000000, 0.000000, 0.000000, 1.000000, 0.000000, 0.000000, 0.000000, 1.000000)
HumanoidRootPart_k9_HumanoidRootPart.Parent = keyframe9



--Torso
Torso_k9_HumanoidRootPart_Torso = Instance.new("Pose")
Torso_k9_HumanoidRootPart_Torso.Name = "Torso"
Torso_k9_HumanoidRootPart_Torso.CFrame = cf(0.000000, 0.000000, -0.136623, 0.924719, 0.373839, 0.071682, -0.374683, 0.927151, -0.001794, -0.067131, -0.025199, 0.997426)
Torso_k9_HumanoidRootPart_Torso.Parent = HumanoidRootPart_k9_HumanoidRootPart



--Left Leg
Left_Leg_k9_HumanoidRootPart_Torso_Left_Leg = Instance.new("Pose")
Left_Leg_k9_HumanoidRootPart_Torso_Left_Leg.Name = "Left Leg"
Left_Leg_k9_HumanoidRootPart_Torso_Left_Leg.CFrame = cf(0.083232, -0.008996, -0.015822, 0.933876, -0.143414, 0.327579, 0.063374, 0.967931, 0.243090, -0.351937, -0.206256, 0.913016)
Left_Leg_k9_HumanoidRootPart_Torso_Left_Leg.Parent = Torso_k9_HumanoidRootPart_Torso



--Right Arm
Right_Arm_k9_HumanoidRootPart_Torso_Right_Arm = Instance.new("Pose")
Right_Arm_k9_HumanoidRootPart_Torso_Right_Arm.Name = "Right Arm"
Right_Arm_k9_HumanoidRootPart_Torso_Right_Arm.CFrame = cf(-0.056509, -0.338687, -0.094925, 0.759106, 0.088837, -0.644877, 0.090586, 0.966590, 0.239787, 0.644634, -0.240441, 0.725697)
Right_Arm_k9_HumanoidRootPart_Torso_Right_Arm.Parent = Torso_k9_HumanoidRootPart_Torso



--Right Leg
Right_Leg_k9_HumanoidRootPart_Torso_Right_Leg = Instance.new("Pose")
Right_Leg_k9_HumanoidRootPart_Torso_Right_Leg.Name = "Right Leg"
Right_Leg_k9_HumanoidRootPart_Torso_Right_Leg.CFrame = cf(0.049087, -0.044481, -0.054769, 0.993436, -0.037419, -0.108095, 0.050887, 0.990895, 0.124653, 0.102447, -0.129335, 0.986295)
Right_Leg_k9_HumanoidRootPart_Torso_Right_Leg.Parent = Torso_k9_HumanoidRootPart_Torso



--Left Arm
Left_Arm_k9_HumanoidRootPart_Torso_Left_Arm = Instance.new("Pose")
Left_Arm_k9_HumanoidRootPart_Torso_Left_Arm.Name = "Left Arm"
Left_Arm_k9_HumanoidRootPart_Torso_Left_Arm.CFrame = cf(0.004392, -0.223017, 0.022256, 0.904911, -0.000354, -0.425602, 0.120032, 0.959618, 0.254413, 0.408325, -0.281307, 0.868411)
Left_Arm_k9_HumanoidRootPart_Torso_Left_Arm.Parent = Torso_k9_HumanoidRootPart_Torso



-- Keyframe 10 (Time: 0.7166666388511658)
 keyframe10 = Instance.new("Keyframe")
keyframe10.Time = 0.7166666388511658
keyframe10.Parent = KeyframeSequence

--HumanoidRootPart
HumanoidRootPart_k10_HumanoidRootPart = Instance.new("Pose")
HumanoidRootPart_k10_HumanoidRootPart.Name = "HumanoidRootPart"
HumanoidRootPart_k10_HumanoidRootPart.CFrame = cf(0.000000, 0.000000, 0.000000, 1.000000, 0.000000, 0.000000, 0.000000, 1.000000, 0.000000, 0.000000, 0.000000, 1.000000)
HumanoidRootPart_k10_HumanoidRootPart.Parent = keyframe10



--Torso
Torso_k10_HumanoidRootPart_Torso = Instance.new("Pose")
Torso_k10_HumanoidRootPart_Torso.Name = "Torso"
Torso_k10_HumanoidRootPart_Torso.CFrame = cf(0.000000, 0.000000, -0.227811, 0.926656, 0.369010, 0.071690, -0.369867, 0.929084, -0.001421, -0.067131, -0.025199, 0.997426)
Torso_k10_HumanoidRootPart_Torso.Parent = HumanoidRootPart_k10_HumanoidRootPart



--Left Leg
Left_Leg_k10_HumanoidRootPart_Torso_Left_Leg = Instance.new("Pose")
Left_Leg_k10_HumanoidRootPart_Torso_Left_Leg.Name = "Left Leg"
Left_Leg_k10_HumanoidRootPart_Torso_Left_Leg.CFrame = cf(0.080379, 0.052933, -0.023325, 0.933876, -0.143414, 0.327579, 0.063374, 0.967931, 0.243090, -0.351937, -0.206256, 0.913016)
Left_Leg_k10_HumanoidRootPart_Torso_Left_Leg.Parent = Torso_k10_HumanoidRootPart_Torso



--Right Arm
Right_Arm_k10_HumanoidRootPart_Torso_Right_Arm = Instance.new("Pose")
Right_Arm_k10_HumanoidRootPart_Torso_Right_Arm.Name = "Right Arm"
Right_Arm_k10_HumanoidRootPart_Torso_Right_Arm.CFrame = cf(-0.047921, -0.310865, -0.086196, 0.730373, 0.115985, -0.673129, 0.092845, 0.959474, 0.266065, 0.676709, -0.256823, 0.690005)
Right_Arm_k10_HumanoidRootPart_Torso_Right_Arm.Parent = Torso_k10_HumanoidRootPart_Torso



--Right Leg
Right_Leg_k10_HumanoidRootPart_Torso_Right_Leg = Instance.new("Pose")
Right_Leg_k10_HumanoidRootPart_Torso_Right_Leg.Name = "Right Leg"
Right_Leg_k10_HumanoidRootPart_Torso_Right_Leg.CFrame = cf(0.058030, 0.040451, -0.058313, 0.992860, -0.028046, -0.115946, 0.042738, 0.991079, 0.126239, 0.111371, -0.130293, 0.985201)
Right_Leg_k10_HumanoidRootPart_Torso_Right_Leg.Parent = Torso_k10_HumanoidRootPart_Torso



--Left Arm
Left_Arm_k10_HumanoidRootPart_Torso_Left_Arm = Instance.new("Pose")
Left_Arm_k10_HumanoidRootPart_Torso_Left_Arm.Name = "Left Arm"
Left_Arm_k10_HumanoidRootPart_Torso_Left_Arm.CFrame = cf(0.003065, -0.170514, 0.018724, 0.904911, 0.008548, -0.425516, 0.120032, 0.954086, 0.274430, 0.408325, -0.299410, 0.862337)
Left_Arm_k10_HumanoidRootPart_Torso_Left_Arm.Parent = Torso_k10_HumanoidRootPart_Torso



-- Keyframe 11 (Time: 0.800000011920929)
 keyframe11 = Instance.new("Keyframe")
keyframe11.Time = 0.800000011920929
keyframe11.Parent = KeyframeSequence

--HumanoidRootPart
HumanoidRootPart_k11_HumanoidRootPart = Instance.new("Pose")
HumanoidRootPart_k11_HumanoidRootPart.Name = "HumanoidRootPart"
HumanoidRootPart_k11_HumanoidRootPart.CFrame = cf(0.000000, 0.000000, 0.000000, 1.000000, 0.000000, 0.000000, 0.000000, 1.000000, 0.000000, 0.000000, 0.000000, 1.000000)
HumanoidRootPart_k11_HumanoidRootPart.Parent = keyframe11



--Torso
Torso_k11_HumanoidRootPart_Torso = Instance.new("Pose")
Torso_k11_HumanoidRootPart_Torso.Name = "Torso"
Torso_k11_HumanoidRootPart_Torso.CFrame = cf(0.001449, 0.000010, -0.214977, 0.933813, 0.350502, 0.071704, -0.351406, 0.936223, 0.000002, -0.067131, -0.025199, 0.997426)
Torso_k11_HumanoidRootPart_Torso.Parent = HumanoidRootPart_k11_HumanoidRootPart



--Left Leg
Left_Leg_k11_HumanoidRootPart_Torso_Left_Leg = Instance.new("Pose")
Left_Leg_k11_HumanoidRootPart_Torso_Left_Leg.Name = "Left Leg"
Left_Leg_k11_HumanoidRootPart_Torso_Left_Leg.CFrame = cf(0.079579, 0.030078, -0.025350, 0.933876, -0.143414, 0.327579, 0.063374, 0.967931, 0.243090, -0.351937, -0.206256, 0.913016)
Left_Leg_k11_HumanoidRootPart_Torso_Left_Leg.Parent = Torso_k11_HumanoidRootPart_Torso



--Right Arm
Right_Arm_k11_HumanoidRootPart_Torso_Right_Arm = Instance.new("Pose")
Right_Arm_k11_HumanoidRootPart_Torso_Right_Arm.Name = "Right Arm"
Right_Arm_k11_HumanoidRootPart_Torso_Right_Arm.CFrame = cf(-0.047634, -0.299487, -0.085430, 0.680340, 0.128424, -0.721557, 0.122291, 0.950833, 0.284536, 0.722622, -0.281821, 0.631185)
Right_Arm_k11_HumanoidRootPart_Torso_Right_Arm.Parent = Torso_k11_HumanoidRootPart_Torso



--Right Leg
Right_Leg_k11_HumanoidRootPart_Torso_Right_Leg = Instance.new("Pose")
Right_Leg_k11_HumanoidRootPart_Torso_Right_Leg.Name = "Right Leg"
Right_Leg_k11_HumanoidRootPart_Torso_Right_Leg.CFrame = cf(0.040584, 0.016878, -0.051262, 0.991560, -0.028570, -0.126459, 0.044990, 0.990629, 0.128955, 0.121590, -0.133556, 0.983554)
Right_Leg_k11_HumanoidRootPart_Torso_Right_Leg.Parent = Torso_k11_HumanoidRootPart_Torso



--Left Arm
Left_Arm_k11_HumanoidRootPart_Torso_Left_Arm = Instance.new("Pose")
Left_Arm_k11_HumanoidRootPart_Torso_Left_Arm.Name = "Left Arm"
Left_Arm_k11_HumanoidRootPart_Torso_Left_Arm.CFrame = cf(0.003159, -0.174200, 0.018972, 0.904911, 0.014989, -0.425338, 0.120032, 0.949823, 0.288841, 0.408325, -0.312430, 0.857705)
Left_Arm_k11_HumanoidRootPart_Torso_Left_Arm.Parent = Torso_k11_HumanoidRootPart_Torso



-- Keyframe 12 (Time: 0.8833333253860474)
 keyframe12 = Instance.new("Keyframe")
keyframe12.Time = 0.8833333253860474
keyframe12.Parent = KeyframeSequence

--HumanoidRootPart
HumanoidRootPart_k12_HumanoidRootPart = Instance.new("Pose")
HumanoidRootPart_k12_HumanoidRootPart.Name = "HumanoidRootPart"
HumanoidRootPart_k12_HumanoidRootPart.CFrame = cf(0.000000, 0.000000, 0.000000, 1.000000, 0.000000, 0.000000, 0.000000, 1.000000, 0.000000, 0.000000, 0.000000, 1.000000)
HumanoidRootPart_k12_HumanoidRootPart.Parent = keyframe12



--Torso
Torso_k12_HumanoidRootPart_Torso = Instance.new("Pose")
Torso_k12_HumanoidRootPart_Torso.Name = "Torso"
Torso_k12_HumanoidRootPart_Torso.CFrame = cf(0.000966, 0.000007, -0.140501, 0.932567, 0.353803, 0.071704, -0.354699, 0.934981, -0.000251, -0.067131, -0.025199, 0.997426)
Torso_k12_HumanoidRootPart_Torso.Parent = HumanoidRootPart_k12_HumanoidRootPart



--Left Leg
Left_Leg_k12_HumanoidRootPart_Torso_Left_Leg = Instance.new("Pose")
Left_Leg_k12_HumanoidRootPart_Torso_Left_Leg.Name = "Left Leg"
Left_Leg_k12_HumanoidRootPart_Torso_Left_Leg.CFrame = cf(0.081831, -0.010766, -0.019443, 0.933876, -0.143414, 0.327579, 0.063374, 0.967931, 0.243090, -0.351937, -0.206256, 0.913016)
Left_Leg_k12_HumanoidRootPart_Torso_Left_Leg.Parent = Torso_k12_HumanoidRootPart_Torso



--Right Arm
Right_Arm_k12_HumanoidRootPart_Torso_Right_Arm = Instance.new("Pose")
Right_Arm_k12_HumanoidRootPart_Torso_Right_Arm.Name = "Right Arm"
Right_Arm_k12_HumanoidRootPart_Torso_Right_Arm.CFrame = cf(-0.059989, -0.320360, -0.097119, 0.714536, 0.090400, -0.693733, 0.123881, 0.959597, 0.252639, 0.688543, -0.266460, 0.674468)
Right_Arm_k12_HumanoidRootPart_Torso_Right_Arm.Parent = Torso_k12_HumanoidRootPart_Torso



--Right Leg
Right_Leg_k12_HumanoidRootPart_Torso_Right_Leg = Instance.new("Pose")
Right_Leg_k12_HumanoidRootPart_Torso_Right_Leg.Name = "Right Leg"
Right_Leg_k12_HumanoidRootPart_Torso_Right_Leg.CFrame = cf(0.037515, -0.040691, -0.050074, 0.992311, -0.035353, -0.118616, 0.050500, 0.990588, 0.127224, 0.113002, -0.132236, 0.984756)
Right_Leg_k12_HumanoidRootPart_Torso_Right_Leg.Parent = Torso_k12_HumanoidRootPart_Torso



--Left Arm
Left_Arm_k12_HumanoidRootPart_Torso_Left_Arm = Instance.new("Pose")
Left_Arm_k12_HumanoidRootPart_Torso_Left_Arm.Name = "Left Arm"
Left_Arm_k12_HumanoidRootPart_Torso_Left_Arm.CFrame = cf(0.004065, -0.210066, 0.021385, 0.904911, 0.005481, -0.425566, 0.120032, 0.956040, 0.267545, 0.408325, -0.293186, 0.864473)
Left_Arm_k12_HumanoidRootPart_Torso_Left_Arm.Parent = Torso_k12_HumanoidRootPart_Torso



-- Keyframe 13 (Time: 0.949999988079071)
 keyframe13 = Instance.new("Keyframe")
keyframe13.Time = 0.949999988079071
keyframe13.Parent = KeyframeSequence

--HumanoidRootPart
HumanoidRootPart_k13_HumanoidRootPart = Instance.new("Pose")
HumanoidRootPart_k13_HumanoidRootPart.Name = "HumanoidRootPart"
HumanoidRootPart_k13_HumanoidRootPart.CFrame = cf(0.000000, 0.000000, 0.000000, 1.000000, 0.000000, 0.000000, 0.000000, 1.000000, 0.000000, 0.000000, 0.000000, 1.000000)
HumanoidRootPart_k13_HumanoidRootPart.Parent = keyframe13



--Torso
Torso_k13_HumanoidRootPart_Torso = Instance.new("Pose")
Torso_k13_HumanoidRootPart_Torso.Name = "Torso"
Torso_k13_HumanoidRootPart_Torso.CFrame = cf(0.000966, 0.000007, -0.140501, 0.932567, 0.353803, 0.071704, -0.354699, 0.934981, -0.000251, -0.067131, -0.025199, 0.997426)
Torso_k13_HumanoidRootPart_Torso.Parent = HumanoidRootPart_k13_HumanoidRootPart



--Left Leg
Left_Leg_k13_HumanoidRootPart_Torso_Left_Leg = Instance.new("Pose")
Left_Leg_k13_HumanoidRootPart_Torso_Left_Leg.Name = "Left Leg"
Left_Leg_k13_HumanoidRootPart_Torso_Left_Leg.CFrame = cf(0.083232, -0.008996, -0.015822, 0.933876, -0.143414, 0.327579, 0.063374, 0.967931, 0.243090, -0.351937, -0.206256, 0.913016)
Left_Leg_k13_HumanoidRootPart_Torso_Left_Leg.Parent = Torso_k13_HumanoidRootPart_Torso



-- Keyframe 14 (Time: 0.9666666388511658)
 keyframe14 = Instance.new("Keyframe")
keyframe14.Time = 0.9666666388511658
keyframe14.Parent = KeyframeSequence

--HumanoidRootPart
HumanoidRootPart_k14_HumanoidRootPart = Instance.new("Pose")
HumanoidRootPart_k14_HumanoidRootPart.Name = "HumanoidRootPart"
HumanoidRootPart_k14_HumanoidRootPart.CFrame = cf(0.000000, 0.000000, 0.000000, 1.000000, 0.000000, 0.000000, 0.000000, 1.000000, 0.000000, 0.000000, 0.000000, 1.000000)
HumanoidRootPart_k14_HumanoidRootPart.Parent = keyframe14



--Torso
Torso_k14_HumanoidRootPart_Torso = Instance.new("Pose")
Torso_k14_HumanoidRootPart_Torso.Name = "Torso"
Torso_k14_HumanoidRootPart_Torso.CFrame = cf(0.000000, 0.000000, -0.136623, 0.924719, 0.373839, 0.071682, -0.374683, 0.927151, -0.001794, -0.067131, -0.025199, 0.997426)
Torso_k14_HumanoidRootPart_Torso.Parent = HumanoidRootPart_k14_HumanoidRootPart



--Right Arm
Right_Arm_k14_HumanoidRootPart_Torso_Right_Arm = Instance.new("Pose")
Right_Arm_k14_HumanoidRootPart_Torso_Right_Arm.Name = "Right Arm"
Right_Arm_k14_HumanoidRootPart_Torso_Right_Arm.CFrame = cf(-0.056509, -0.338687, -0.094925, 0.759106, 0.088837, -0.644877, 0.090586, 0.966590, 0.239787, 0.644634, -0.240441, 0.725697)
Right_Arm_k14_HumanoidRootPart_Torso_Right_Arm.Parent = Torso_k14_HumanoidRootPart_Torso



--Right Leg
Right_Leg_k14_HumanoidRootPart_Torso_Right_Leg = Instance.new("Pose")
Right_Leg_k14_HumanoidRootPart_Torso_Right_Leg.Name = "Right Leg"
Right_Leg_k14_HumanoidRootPart_Torso_Right_Leg.CFrame = cf(0.049087, -0.044481, -0.054769, 0.993436, -0.037419, -0.108095, 0.050887, 0.990895, 0.124653, 0.102447, -0.129335, 0.986295)
Right_Leg_k14_HumanoidRootPart_Torso_Right_Leg.Parent = Torso_k14_HumanoidRootPart_Torso



--Left Arm
Left_Arm_k14_HumanoidRootPart_Torso_Left_Arm = Instance.new("Pose")
Left_Arm_k14_HumanoidRootPart_Torso_Left_Arm.Name = "Left Arm"
Left_Arm_k14_HumanoidRootPart_Torso_Left_Arm.CFrame = cf(0.004392, -0.223017, 0.022256, 0.904911, -0.000354, -0.425602, 0.120032, 0.959618, 0.254413, 0.408325, -0.281307, 0.868411)
Left_Arm_k14_HumanoidRootPart_Torso_Left_Arm.Parent = Torso_k14_HumanoidRootPart_Torso



-- Keyframe 15 (Time: 1)
 keyframe15 = Instance.new("Keyframe")
keyframe15.Time = 1
keyframe15.Parent = KeyframeSequence

--HumanoidRootPart
HumanoidRootPart_k15_HumanoidRootPart = Instance.new("Pose")
HumanoidRootPart_k15_HumanoidRootPart.Name = "HumanoidRootPart"
HumanoidRootPart_k15_HumanoidRootPart.CFrame = cf(0.000000, 0.000000, 0.000000, 1.000000, 0.000000, 0.000000, 0.000000, 1.000000, 0.000000, 0.000000, 0.000000, 1.000000)
HumanoidRootPart_k15_HumanoidRootPart.Parent = keyframe15



--Torso
Torso_k15_HumanoidRootPart_Torso = Instance.new("Pose")
Torso_k15_HumanoidRootPart_Torso.Name = "Torso"
Torso_k15_HumanoidRootPart_Torso.CFrame = cf(0.000000, 0.000000, -0.147464, 0.920974, 0.382978, 0.071661, -0.383798, 0.923414, -0.002502, -0.067131, -0.025199, 0.997426)
Torso_k15_HumanoidRootPart_Torso.Parent = HumanoidRootPart_k15_HumanoidRootPart



--Left Leg
Left_Leg_k15_HumanoidRootPart_Torso_Left_Leg = Instance.new("Pose")
Left_Leg_k15_HumanoidRootPart_Torso_Left_Leg.Name = "Left Leg"
Left_Leg_k15_HumanoidRootPart_Torso_Left_Leg.CFrame = cf(0.083232, -0.008996, -0.015822, 0.933876, -0.143414, 0.327579, 0.063374, 0.967931, 0.243090, -0.351937, -0.206256, 0.913016)
Left_Leg_k15_HumanoidRootPart_Torso_Left_Leg.Parent = Torso_k15_HumanoidRootPart_Torso



--Right Arm
Right_Arm_k15_HumanoidRootPart_Torso_Right_Arm = Instance.new("Pose")
Right_Arm_k15_HumanoidRootPart_Torso_Right_Arm.Name = "Right Arm"
Right_Arm_k15_HumanoidRootPart_Torso_Right_Arm.CFrame = cf(-0.048783, -0.345000, -0.088494, 0.766935, 0.105745, -0.632953, 0.070823, 0.966357, 0.247260, 0.637805, -0.234460, 0.733644)
Right_Arm_k15_HumanoidRootPart_Torso_Right_Arm.Parent = Torso_k15_HumanoidRootPart_Torso



--Right Leg
Right_Leg_k15_HumanoidRootPart_Torso_Right_Leg = Instance.new("Pose")
Right_Leg_k15_HumanoidRootPart_Torso_Right_Leg.Name = "Right Leg"
Right_Leg_k15_HumanoidRootPart_Torso_Right_Leg.CFrame = cf(0.049087, -0.044481, -0.054769, 0.993436, -0.037419, -0.108095, 0.050887, 0.990895, 0.124653, 0.102447, -0.129335, 0.986295)
Right_Leg_k15_HumanoidRootPart_Torso_Right_Leg.Parent = Torso_k15_HumanoidRootPart_Torso



--Left Arm
Left_Arm_k15_HumanoidRootPart_Torso_Left_Arm = Instance.new("Pose")
Left_Arm_k15_HumanoidRootPart_Torso_Left_Arm.Name = "Left Arm"
Left_Arm_k15_HumanoidRootPart_Torso_Left_Arm.CFrame = cf(0.004523, -0.228197, 0.022604, 0.904911, 0.000253, -0.425602, 0.120032, 0.959253, 0.255782, 0.408325, -0.282546, 0.868008)
Left_Arm_k15_HumanoidRootPart_Torso_Left_Arm.Parent = Torso_k15_HumanoidRootPart_Torso



-- Keyframe 16 (Time: 1.0499999523162842)
 keyframe16 = Instance.new("Keyframe")
keyframe16.Time = 1.0499999523162842
keyframe16.Parent = KeyframeSequence

--HumanoidRootPart
HumanoidRootPart_k16_HumanoidRootPart = Instance.new("Pose")
HumanoidRootPart_k16_HumanoidRootPart.Name = "HumanoidRootPart"
HumanoidRootPart_k16_HumanoidRootPart.CFrame = cf(0.000000, 0.000000, 0.000000, 1.000000, 0.000000, 0.000000, 0.000000, 1.000000, 0.000000, 0.000000, 0.000000, 1.000000)
HumanoidRootPart_k16_HumanoidRootPart.Parent = keyframe16



--Torso
Torso_k16_HumanoidRootPart_Torso = Instance.new("Pose")
Torso_k16_HumanoidRootPart_Torso.Name = "Torso"
Torso_k16_HumanoidRootPart_Torso.CFrame = cf(0.000000, 0.000000, -0.227811, 0.926656, 0.369010, 0.071690, -0.369867, 0.929084, -0.001421, -0.067131, -0.025199, 0.997426)
Torso_k16_HumanoidRootPart_Torso.Parent = HumanoidRootPart_k16_HumanoidRootPart



--Head
Head_k16_HumanoidRootPart_Torso_Head = Instance.new("Pose")
Head_k16_HumanoidRootPart_Torso_Head.Name = "Head"
Head_k16_HumanoidRootPart_Torso_Head.CFrame = cf(-0.000000, 0.000000, -0.000000, 0.966657, -0.243217, -0.080121, 0.229476, 0.961613, -0.150468, 0.113641, 0.127065, 0.985363)
Head_k16_HumanoidRootPart_Torso_Head.Parent = Torso_k16_HumanoidRootPart_Torso



--Left Leg
Left_Leg_k16_HumanoidRootPart_Torso_Left_Leg = Instance.new("Pose")
Left_Leg_k16_HumanoidRootPart_Torso_Left_Leg.Name = "Left Leg"
Left_Leg_k16_HumanoidRootPart_Torso_Left_Leg.CFrame = cf(0.081495, 0.102655, -0.020532, 0.933876, -0.143414, 0.327579, 0.063374, 0.967931, 0.243090, -0.351937, -0.206256, 0.913016)
Left_Leg_k16_HumanoidRootPart_Torso_Left_Leg.Parent = Torso_k16_HumanoidRootPart_Torso



--Right Arm
Right_Arm_k16_HumanoidRootPart_Torso_Right_Arm = Instance.new("Pose")
Right_Arm_k16_HumanoidRootPart_Torso_Right_Arm.Name = "Right Arm"
Right_Arm_k16_HumanoidRootPart_Torso_Right_Arm.CFrame = cf(-0.048783, -0.344999, -0.088495, 0.722085, 0.105745, -0.683675, 0.087484, 0.966357, 0.241867, 0.686250, -0.234460, 0.688541)
Right_Arm_k16_HumanoidRootPart_Torso_Right_Arm.Parent = Torso_k16_HumanoidRootPart_Torso



--Right Leg
Right_Leg_k16_HumanoidRootPart_Torso_Right_Leg = Instance.new("Pose")
Right_Leg_k16_HumanoidRootPart_Torso_Right_Leg.Name = "Right Leg"
Right_Leg_k16_HumanoidRootPart_Torso_Right_Leg.CFrame = cf(0.058030, 0.040451, -0.058313, 0.992860, -0.028046, -0.115946, 0.042738, 0.991079, 0.126239, 0.111371, -0.130293, 0.985201)
Right_Leg_k16_HumanoidRootPart_Torso_Right_Leg.Parent = Torso_k16_HumanoidRootPart_Torso



--Left Arm
Left_Arm_k16_HumanoidRootPart_Torso_Left_Arm = Instance.new("Pose")
Left_Arm_k16_HumanoidRootPart_Torso_Left_Arm.Name = "Left Arm"
Left_Arm_k16_HumanoidRootPart_Torso_Left_Arm.CFrame = cf(0.004523, -0.228197, 0.022604, 0.904911, 0.000253, -0.425602, 0.120032, 0.959253, 0.255782, 0.408325, -0.282546, 0.868008)
