-- KeyframeSequence Export: User1_17372120245
-- Generated on 2026-04-29 23:20:48

local KeyframeSequence = Instance.new("KeyframeSequence")
KeyframeSequence.Name = "User1_17372120245"
local cf=CFrame.new

-- Keyframe 1 (Time: 0)
 keyframe1 = Instance.new("Keyframe")
keyframe1.Time = 0
keyframe1.Parent = KeyframeSequence

--HumanoidRootPart
HumanoidRootPart_k1_HumanoidRootPart = Instance.new("Pose")
HumanoidRootPart_k1_HumanoidRootPart.Name = "HumanoidRootPart"
HumanoidRootPart_k1_HumanoidRootPart.CFrame = cf(0.000000, 0.000000, 0.000000, 1.000000, 0.000000, 0.000000, 0.000000, 1.000000, 0.000000, 0.000000, 0.000000, 1.000000)
HumanoidRootPart_k1_HumanoidRootPart.Parent = keyframe1



--Torso
Torso_k1_HumanoidRootPart_Torso = Instance.new("Pose")
Torso_k1_HumanoidRootPart_Torso.Name = "Torso"
Torso_k1_HumanoidRootPart_Torso.CFrame = cf(0.005748, 0.059327, -0.049263, 0.998809, 0.048644, 0.003716, -0.048681, 0.998760, 0.010457, -0.003203, -0.010626, 0.999938)
Torso_k1_HumanoidRootPart_Torso.Parent = HumanoidRootPart_k1_HumanoidRootPart



--Head
Head_k1_HumanoidRootPart_Torso_Head = Instance.new("Pose")
Head_k1_HumanoidRootPart_Torso_Head.Name = "Head"
Head_k1_HumanoidRootPart_Torso_Head.CFrame = cf(0.000000, 0.000000, -0.000000, 0.405467, 0.911174, -0.073208, -0.910578, 0.395570, -0.119879, -0.080271, 0.115269, 0.990086)
Head_k1_HumanoidRootPart_Torso_Head.Parent = Torso_k1_HumanoidRootPart_Torso



--Left Leg
Left_Leg_k1_HumanoidRootPart_Torso_Left_Leg = Instance.new("Pose")
Left_Leg_k1_HumanoidRootPart_Torso_Left_Leg.Name = "Left Leg"
Left_Leg_k1_HumanoidRootPart_Torso_Left_Leg.CFrame = cf(-0.112136, 0.096259, 0.039844, 0.996652, -0.076084, 0.029914, 0.071736, 0.989371, 0.126486, -0.039220, -0.123917, 0.991517)
Left_Leg_k1_HumanoidRootPart_Torso_Left_Leg.Parent = Torso_k1_HumanoidRootPart_Torso



--Left Arm
Left_Arm_k1_HumanoidRootPart_Torso_Left_Arm = Instance.new("Pose")
Left_Arm_k1_HumanoidRootPart_Torso_Left_Arm.Name = "Left Arm"
Left_Arm_k1_HumanoidRootPart_Torso_Left_Arm.CFrame = cf(0.000000, -0.000000, -0.000000, 1.000000, 0.000000, 0.000000, -0.000001, 1.000000, -0.000000, 0.000000, 0.000000, 1.000000)
Left_Arm_k1_HumanoidRootPart_Torso_Left_Arm.Parent = Torso_k1_HumanoidRootPart_Torso



--Right Arm
Right_Arm_k1_HumanoidRootPart_Torso_Right_Arm = Instance.new("Pose")
Right_Arm_k1_HumanoidRootPart_Torso_Right_Arm.Name = "Right Arm"
Right_Arm_k1_HumanoidRootPart_Torso_Right_Arm.CFrame = cf(-0.014335, 0.035038, -0.008269, 0.983492, 0.084662, -0.159927, -0.085254, 0.996354, 0.003161, 0.159612, 0.010526, 0.987124)
Right_Arm_k1_HumanoidRootPart_Torso_Right_Arm.Parent = Torso_k1_HumanoidRootPart_Torso



--MetalBat
MetalBat_k1_HumanoidRootPart_Torso_Right_Arm_MetalBat = Instance.new("Pose")
MetalBat_k1_HumanoidRootPart_Torso_Right_Arm_MetalBat.Name = "MetalBat"
MetalBat_k1_HumanoidRootPart_Torso_Right_Arm_MetalBat.CFrame = cf(0.000000, 0.000000, 0.000000, 1.000000, 0.000000, 0.000000, 0.000000, 1.000000, 0.000000, 0.000000, 0.000000, 1.000000)
MetalBat_k1_HumanoidRootPart_Torso_Right_Arm_MetalBat.Parent = Right_Arm_k1_HumanoidRootPart_Torso_Right_Arm



--Right Leg
Right_Leg_k1_HumanoidRootPart_Torso_Right_Leg = Instance.new("Pose")
Right_Leg_k1_HumanoidRootPart_Torso_Right_Leg.Name = "Right Leg"
Right_Leg_k1_HumanoidRootPart_Torso_Right_Leg.CFrame = cf(0.093711, 0.103969, 0.027347, 0.997720, -0.006310, 0.067197, -0.004794, 0.986490, 0.163754, -0.067321, -0.163702, 0.984210)
Right_Leg_k1_HumanoidRootPart_Torso_Right_Leg.Parent = Torso_k1_HumanoidRootPart_Torso



--Coconut
Coconut_k1_HumanoidRootPart_Coconut = Instance.new("Pose")
Coconut_k1_HumanoidRootPart_Coconut.Name = "Coconut"
Coconut_k1_HumanoidRootPart_Coconut.CFrame = cf(0.000000, 0.000000, 0.000000, 1.000000, 0.000000, 0.000000, 0.000000, 1.000000, 0.000000, 0.000000, 0.000000, 1.000000)
Coconut_k1_HumanoidRootPart_Coconut.Parent = HumanoidRootPart_k1_HumanoidRootPart



-- Keyframe 2 (Time: 0.01666666753590107)
 keyframe2 = Instance.new("Keyframe")
keyframe2.Time = 0.01666666753590107
keyframe2.Parent = KeyframeSequence

--HumanoidRootPart
HumanoidRootPart_k2_HumanoidRootPart = Instance.new("Pose")
HumanoidRootPart_k2_HumanoidRootPart.Name = "HumanoidRootPart"
HumanoidRootPart_k2_HumanoidRootPart.CFrame = cf(0.000000, 0.000000, 0.000000, 1.000000, 0.000000, 0.000000, 0.000000, 1.000000, 0.000000, 0.000000, 0.000000, 1.000000)
HumanoidRootPart_k2_HumanoidRootPart.Parent = keyframe2



--Torso
Torso_k2_HumanoidRootPart_Torso = Instance.new("Pose")
Torso_k2_HumanoidRootPart_Torso.Name = "Torso"
Torso_k2_HumanoidRootPart_Torso.CFrame = cf(0.005646, 0.059617, -0.049911, 0.998851, 0.047776, 0.003629, -0.047813, 0.998796, 0.010960, -0.003101, -0.011120, 0.999933)
Torso_k2_HumanoidRootPart_Torso.Parent = HumanoidRootPart_k2_HumanoidRootPart



--Head
Head_k2_HumanoidRootPart_Torso_Head = Instance.new("Pose")
Head_k2_HumanoidRootPart_Torso_Head.Name = "Head"
Head_k2_HumanoidRootPart_Torso_Head.CFrame = cf(0.000000, -0.000000, -0.000000, 0.413785, 0.907449, -0.072932, -0.906992, 0.404023, -0.118874, -0.078406, 0.115336, 0.990227)
Head_k2_HumanoidRootPart_Torso_Head.Parent = Torso_k2_HumanoidRootPart_Torso



--Left Leg
Left_Leg_k2_HumanoidRootPart_Torso_Left_Leg = Instance.new("Pose")
Left_Leg_k2_HumanoidRootPart_Torso_Left_Leg.Name = "Left Leg"
Left_Leg_k2_HumanoidRootPart_Torso_Left_Leg.CFrame = cf(-0.114846, 0.096550, 0.040087, 0.996566, -0.077580, 0.028942, 0.073350, 0.989283, 0.126248, -0.038427, -0.123692, 0.991576)
Left_Leg_k2_HumanoidRootPart_Torso_Left_Leg.Parent = Torso_k2_HumanoidRootPart_Torso



--Left Arm
Left_Arm_k2_HumanoidRootPart_Torso_Left_Arm = Instance.new("Pose")
Left_Arm_k2_HumanoidRootPart_Torso_Left_Arm.Name = "Left Arm"
Left_Arm_k2_HumanoidRootPart_Torso_Left_Arm.CFrame = cf(0.000000, -0.000000, 0.000000, 1.000000, 0.000000, 0.000000, -0.000001, 1.000000, -0.000000, 0.000000, 0.000000, 1.000000)
Left_Arm_k2_HumanoidRootPart_Torso_Left_Arm.Parent = Torso_k2_HumanoidRootPart_Torso



--Right Arm
Right_Arm_k2_HumanoidRootPart_Torso_Right_Arm = Instance.new("Pose")
Right_Arm_k2_HumanoidRootPart_Torso_Right_Arm.Name = "Right Arm"
Right_Arm_k2_HumanoidRootPart_Torso_Right_Arm.CFrame = cf(-0.013576, 0.034334, -0.008292, 0.983499, 0.084643, -0.159892, -0.085270, 0.996354, 0.002950, 0.159558, 0.010733, 0.987130)
Right_Arm_k2_HumanoidRootPart_Torso_Right_Arm.Parent = Torso_k2_HumanoidRootPart_Torso



--MetalBat
MetalBat_k2_HumanoidRootPart_Torso_Right_Arm_MetalBat = Instance.new("Pose")
MetalBat_k2_HumanoidRootPart_Torso_Right_Arm_MetalBat.Name = "MetalBat"
MetalBat_k2_HumanoidRootPart_Torso_Right_Arm_MetalBat.CFrame = cf(0.000000, 0.000000, 0.000000, 1.000000, 0.000000, 0.000000, 0.000000, 1.000000, 0.000000, 0.000000, 0.000000, 1.000000)
MetalBat_k2_HumanoidRootPart_Torso_Right_Arm_MetalBat.Parent = Right_Arm_k2_HumanoidRootPart_Torso_Right_Arm



--Right Leg
Right_Leg_k2_HumanoidRootPart_Torso_Right_Leg = Instance.new("Pose")
Right_Leg_k2_HumanoidRootPart_Torso_Right_Leg.Name = "Right Leg"
Right_Leg_k2_HumanoidRootPart_Torso_Right_Leg.CFrame = cf(0.096363, 0.104602, 0.027671, 0.997775, -0.003603, 0.066570, -0.007353, 0.986507, 0.163555, -0.066260, -0.163680, 0.984286)
Right_Leg_k2_HumanoidRootPart_Torso_Right_Leg.Parent = Torso_k2_HumanoidRootPart_Torso



--Coconut
Coconut_k2_HumanoidRootPart_Coconut = Instance.new("Pose")
Coconut_k2_HumanoidRootPart_Coconut.Name = "Coconut"
Coconut_k2_HumanoidRootPart_Coconut.CFrame = cf(0.000000, 0.000000, 0.000000, 1.000000, 0.000000, 0.000000, 0.000000, 1.000000, 0.000000, 0.000000, 0.000000, 1.000000)
Coconut_k2_HumanoidRootPart_Coconut.Parent = HumanoidRootPart_k2_HumanoidRootPart



-- Keyframe 3 (Time: 0.03333333507180214)
 keyframe3 = Instance.new("Keyframe")
keyframe3.Time = 0.03333333507180214
keyframe3.Parent = KeyframeSequence

--HumanoidRootPart
HumanoidRootPart_k3_HumanoidRootPart = Instance.new("Pose")
HumanoidRootPart_k3_HumanoidRootPart.Name = "HumanoidRootPart"
HumanoidRootPart_k3_HumanoidRootPart.CFrame = cf(0.000000, 0.000000, 0.000000, 1.000000, 0.000000, 0.000000, 0.000000, 1.000000, 0.000000, 0.000000, 0.000000, 1.000000)
HumanoidRootPart_k3_HumanoidRootPart.Parent = keyframe3



--Torso
Torso_k3_HumanoidRootPart_Torso = Instance.new("Pose")
Torso_k3_HumanoidRootPart_Torso.Name = "Torso"
Torso_k3_HumanoidRootPart_Torso.CFrame = cf(0.005537, 0.059891, -0.050559, 0.998895, 0.046870, 0.003537, -0.046908, 0.998833, 0.011474, -0.002995, -0.011627, 0.999928)
Torso_k3_HumanoidRootPart_Torso.Parent = HumanoidRootPart_k3_HumanoidRootPart



--Head
Head_k3_HumanoidRootPart_Torso_Head = Instance.new("Pose")
Head_k3_HumanoidRootPart_Torso_Head.Name = "Head"
Head_k3_HumanoidRootPart_Torso_Head.CFrame = cf(-0.000000, 0.000000, -0.000000, 0.437279, 0.896415, -0.072300, -0.896337, 0.427866, -0.116239, -0.073264, 0.115634, 0.990586)
Head_k3_HumanoidRootPart_Torso_Head.Parent = Torso_k3_HumanoidRootPart_Torso



--Left Leg
Left_Leg_k3_HumanoidRootPart_Torso_Left_Leg = Instance.new("Pose")
Left_Leg_k3_HumanoidRootPart_Torso_Left_Leg.Name = "Left Leg"
Left_Leg_k3_HumanoidRootPart_Torso_Left_Leg.CFrame = cf(-0.117554, 0.096831, 0.040322, 0.996477, -0.079074, 0.027933, 0.074968, 0.989193, 0.126005, -0.037595, -0.123467, 0.991636)
Left_Leg_k3_HumanoidRootPart_Torso_Left_Leg.Parent = Torso_k3_HumanoidRootPart_Torso



--Left Arm
Left_Arm_k3_HumanoidRootPart_Torso_Left_Arm = Instance.new("Pose")
Left_Arm_k3_HumanoidRootPart_Torso_Left_Arm.Name = "Left Arm"
Left_Arm_k3_HumanoidRootPart_Torso_Left_Arm.CFrame = cf(0.000000, 0.000000, 0.000000, 1.000000, 0.000000, 0.000000, -0.000001, 1.000000, -0.000000, -0.000000, 0.000000, 1.000000)
Left_Arm_k3_HumanoidRootPart_Torso_Left_Arm.Parent = Torso_k3_HumanoidRootPart_Torso



--Right Arm
Right_Arm_k3_HumanoidRootPart_Torso_Right_Arm = Instance.new("Pose")
Right_Arm_k3_HumanoidRootPart_Torso_Right_Arm.Name = "Right Arm"
Right_Arm_k3_HumanoidRootPart_Torso_Right_Arm.CFrame = cf(-0.012789, 0.033592, -0.008368, 0.983522, 0.084602, -0.159771, -0.085297, 0.996352, 0.002515, 0.159401, 0.011154, 0.987151)
Right_Arm_k3_HumanoidRootPart_Torso_Right_Arm.Parent = Torso_k3_HumanoidRootPart_Torso



--MetalBat
MetalBat_k3_HumanoidRootPart_Torso_Right_Arm_MetalBat = Instance.new("Pose")
MetalBat_k3_HumanoidRootPart_Torso_Right_Arm_MetalBat.Name = "MetalBat"
MetalBat_k3_HumanoidRootPart_Torso_Right_Arm_MetalBat.CFrame = cf(0.000000, 0.000000, 0.000000, 1.000000, 0.000000, 0.000000, 0.000000, 1.000000, 0.000000, 0.000000, 0.000000, 1.000000)
MetalBat_k3_HumanoidRootPart_Torso_Right_Arm_MetalBat.Parent = Right_Arm_k3_HumanoidRootPart_Torso_Right_Arm



--Right Leg
Right_Leg_k3_HumanoidRootPart_Torso_Right_Leg = Instance.new("Pose")
Right_Leg_k3_HumanoidRootPart_Torso_Right_Leg.Name = "Right Leg"
Right_Leg_k3_HumanoidRootPart_Torso_Right_Leg.CFrame = cf(0.098996, 0.105226, 0.028005, 0.997825, -0.000853, 0.065909, -0.009951, 0.986517, 0.163358, -0.065159, -0.163658, 0.984363)
Right_Leg_k3_HumanoidRootPart_Torso_Right_Leg.Parent = Torso_k3_HumanoidRootPart_Torso



--Coconut
Coconut_k3_HumanoidRootPart_Coconut = Instance.new("Pose")
Coconut_k3_HumanoidRootPart_Coconut.Name = "Coconut"
Coconut_k3_HumanoidRootPart_Coconut.CFrame = cf(0.000000, 0.000000, 0.000000, 1.000000, 0.000000, 0.000000, 0.000000, 1.000000, 0.000000, 0.000000, 0.000000, 1.000000)
Coconut_k3_HumanoidRootPart_Coconut.Parent = HumanoidRootPart_k3_HumanoidRootPart



-- Keyframe 4 (Time: 0.05000000074505806)
 keyframe4 = Instance.new("Keyframe")
keyframe4.Time = 0.05000000074505806
keyframe4.Parent = KeyframeSequence

--HumanoidRootPart
HumanoidRootPart_k4_HumanoidRootPart = Instance.new("Pose")
HumanoidRootPart_k4_HumanoidRootPart.Name = "HumanoidRootPart"
HumanoidRootPart_k4_HumanoidRootPart.CFrame = cf(0.000000, 0.000000, 0.000000, 1.000000, 0.000000, 0.000000, 0.000000, 1.000000, 0.000000, 0.000000, 0.000000, 1.000000)
HumanoidRootPart_k4_HumanoidRootPart.Parent = keyframe4



--Torso
Torso_k4_HumanoidRootPart_Torso = Instance.new("Pose")
Torso_k4_HumanoidRootPart_Torso.Name = "Torso"
Torso_k4_HumanoidRootPart_Torso.CFrame = cf(0.005422, 0.060151, -0.051200, 0.998938, 0.045937, 0.003440, -0.045975, 0.998871, 0.012001, -0.002885, -0.012147, 0.999922)
Torso_k4_HumanoidRootPart_Torso.Parent = HumanoidRootPart_k4_HumanoidRootPart



--Head
Head_k4_HumanoidRootPart_Torso_Head = Instance.new("Pose")
Head_k4_HumanoidRootPart_Torso_Head.Name = "Head"
Head_k4_HumanoidRootPart_Torso_Head.CFrame = cf(0.000000, -0.000000, -0.000000, 0.473580, 0.877832, -0.071646, -0.878312, 0.464653, -0.112543, -0.065503, 0.116225, 0.991061)
Head_k4_HumanoidRootPart_Torso_Head.Parent = Torso_k4_HumanoidRootPart_Torso



--Left Leg
Left_Leg_k4_HumanoidRootPart_Torso_Left_Leg = Instance.new("Pose")
Left_Leg_k4_HumanoidRootPart_Torso_Left_Leg.Name = "Left Leg"
Left_Leg_k4_HumanoidRootPart_Torso_Left_Leg.CFrame = cf(-0.120241, 0.097097, 0.040543, 0.996386, -0.080564, 0.026895, 0.076584, 0.989100, 0.125761, -0.036735, -0.123247, 0.991696)
Left_Leg_k4_HumanoidRootPart_Torso_Left_Leg.Parent = Torso_k4_HumanoidRootPart_Torso



--Left Arm
Left_Arm_k4_HumanoidRootPart_Torso_Left_Arm = Instance.new("Pose")
Left_Arm_k4_HumanoidRootPart_Torso_Left_Arm.Name = "Left Arm"
Left_Arm_k4_HumanoidRootPart_Torso_Left_Arm.CFrame = cf(0.000000, -0.000001, -0.000000, 1.000000, 0.000000, 0.000000, -0.000001, 1.000000, -0.000000, 0.000000, 0.000000, 1.000000)
Left_Arm_k4_HumanoidRootPart_Torso_Left_Arm.Parent = Torso_k4_HumanoidRootPart_Torso



--Right Arm
Right_Arm_k4_HumanoidRootPart_Torso_Right_Arm = Instance.new("Pose")
Right_Arm_k4_HumanoidRootPart_Torso_Right_Arm.Name = "Right Arm"
Right_Arm_k4_HumanoidRootPart_Torso_Right_Arm.CFrame = cf(-0.011974, 0.032811, -0.008491, 0.983563, 0.084536, -0.159556, -0.085329, 0.996351, 0.001881, 0.159133, 0.011765, 0.987187)
Right_Arm_k4_HumanoidRootPart_Torso_Right_Arm.Parent = Torso_k4_HumanoidRootPart_Torso



--MetalBat
MetalBat_k4_HumanoidRootPart_Torso_Right_Arm_MetalBat = Instance.new("Pose")
MetalBat_k4_HumanoidRootPart_Torso_Right_Arm_MetalBat.Name = "MetalBat"
MetalBat_k4_HumanoidRootPart_Torso_Right_Arm_MetalBat.CFrame = cf(0.000000, 0.000000, 0.000000, 1.000000, 0.000000, 0.000000, 0.000000, 1.000000, 0.000000, 0.000000, 0.000000, 1.000000)
MetalBat_k4_HumanoidRootPart_Torso_Right_Arm_MetalBat.Parent = Right_Arm_k4_HumanoidRootPart_Torso_Right_Arm



--Right Leg
Right_Leg_k4_HumanoidRootPart_Torso_Right_Leg = Instance.new("Pose")
Right_Leg_k4_HumanoidRootPart_Torso_Right_Leg.Name = "Right Leg"
Right_Leg_k4_HumanoidRootPart_Torso_Right_Leg.CFrame = cf(0.101599, 0.105836, 0.028348, 0.997869, 0.001927, 0.065224, -0.012574, 0.986519, 0.163163, -0.064029, -0.163635, 0.984441)
Right_Leg_k4_HumanoidRootPart_Torso_Right_Leg.Parent = Torso_k4_HumanoidRootPart_Torso



--Coconut
Coconut_k4_HumanoidRootPart_Coconut = Instance.new("Pose")
Coconut_k4_HumanoidRootPart_Coconut.Name = "Coconut"
Coconut_k4_HumanoidRootPart_Coconut.CFrame = cf(0.000000, 0.000000, 0.000000, 1.000000, 0.000000, 0.000000, 0.000000, 1.000000, 0.000000, 0.000000, 0.000000, 1.000000)
Coconut_k4_HumanoidRootPart_Coconut.Parent = HumanoidRootPart_k4_HumanoidRootPart



-- Keyframe 5 (Time: 0.06666667014360428)
 keyframe5 = Instance.new("Keyframe")
keyframe5.Time = 0.06666667014360428
keyframe5.Parent = KeyframeSequence

--HumanoidRootPart
HumanoidRootPart_k5_HumanoidRootPart = Instance.new("Pose")
HumanoidRootPart_k5_HumanoidRootPart.Name = "HumanoidRootPart"
HumanoidRootPart_k5_HumanoidRootPart.CFrame = cf(0.000000, 0.000000, 0.000000, 1.000000, 0.000000, 0.000000, 0.000000, 1.000000, 0.000000, 0.000000, 0.000000, 1.000000)
HumanoidRootPart_k5_HumanoidRootPart.Parent = keyframe5



--Torso
Torso_k5_HumanoidRootPart_Torso = Instance.new("Pose")
Torso_k5_HumanoidRootPart_Torso.Name = "Torso"
Torso_k5_HumanoidRootPart_Torso.CFrame = cf(0.005300, 0.060394, -0.051834, 0.998982, 0.044987, 0.003338, -0.045025, 0.998907, 0.012541, -0.002770, -0.012678, 0.999916)
Torso_k5_HumanoidRootPart_Torso.Parent = HumanoidRootPart_k5_HumanoidRootPart



--Head
Head_k5_HumanoidRootPart_Torso_Head = Instance.new("Pose")
Head_k5_HumanoidRootPart_Torso_Head.Name = "Head"
Head_k5_HumanoidRootPart_Torso_Head.CFrame = cf(0.000000, 0.000000, -0.000000, 0.520065, 0.851146, -0.071297, -0.852305, 0.511695, -0.108375, -0.055760, 0.117129, 0.991550)
Head_k5_HumanoidRootPart_Torso_Head.Parent = Torso_k5_HumanoidRootPart_Torso



--Left Leg
Left_Leg_k5_HumanoidRootPart_Torso_Left_Leg = Instance.new("Pose")
Left_Leg_k5_HumanoidRootPart_Torso_Left_Leg.Name = "Left Leg"
Left_Leg_k5_HumanoidRootPart_Torso_Left_Leg.CFrame = cf(-0.122894, 0.097346, 0.040753, 0.996293, -0.082051, 0.025841, 0.078199, 0.989006, 0.125513, -0.035856, -0.123027, 0.991755)
Left_Leg_k5_HumanoidRootPart_Torso_Left_Leg.Parent = Torso_k5_HumanoidRootPart_Torso



--Left Arm
Left_Arm_k5_HumanoidRootPart_Torso_Left_Arm = Instance.new("Pose")
Left_Arm_k5_HumanoidRootPart_Torso_Left_Arm.Name = "Left Arm"
Left_Arm_k5_HumanoidRootPart_Torso_Left_Arm.CFrame = cf(0.000000, -0.000000, 0.000000, 1.000000, -0.000000, 0.000000, -0.000001, 1.000000, -0.000000, 0.000000, 0.000000, 1.000000)
Left_Arm_k5_HumanoidRootPart_Torso_Left_Arm.Parent = Torso_k5_HumanoidRootPart_Torso



--Right Arm
Right_Arm_k5_HumanoidRootPart_Torso_Right_Arm = Instance.new("Pose")
Right_Arm_k5_HumanoidRootPart_Torso_Right_Arm.Name = "Right Arm"
Right_Arm_k5_HumanoidRootPart_Torso_Right_Arm.CFrame = cf(-0.011129, 0.031993, -0.008653, 0.983623, 0.084442, -0.159237, -0.085361, 0.996350, 0.001069, 0.158746, 0.012542, 0.987240)
Right_Arm_k5_HumanoidRootPart_Torso_Right_Arm.Parent = Torso_k5_HumanoidRootPart_Torso



--MetalBat
MetalBat_k5_HumanoidRootPart_Torso_Right_Arm_MetalBat = Instance.new("Pose")
MetalBat_k5_HumanoidRootPart_Torso_Right_Arm_MetalBat.Name = "MetalBat"
MetalBat_k5_HumanoidRootPart_Torso_Right_Arm_MetalBat.CFrame = cf(0.000000, 0.000000, 0.000000, 1.000000, 0.000000, 0.000000, 0.000000, 1.000000, 0.000000, 0.000000, 0.000000, 1.000000)
MetalBat_k5_HumanoidRootPart_Torso_Right_Arm_MetalBat.Parent = Right_Arm_k5_HumanoidRootPart_Torso_Right_Arm



--Right Leg
Right_Leg_k5_HumanoidRootPart_Torso_Right_Leg = Instance.new("Pose")
Right_Leg_k5_HumanoidRootPart_Torso_Right_Leg.Name = "Right Leg"
Right_Leg_k5_HumanoidRootPart_Torso_Right_Leg.CFrame = cf(0.104166, 0.106432, 0.028697, 0.997905, 0.004727, 0.064524, -0.015214, 0.986513, 0.162973, -0.062882, -0.163613, 0.984518)
Right_Leg_k5_HumanoidRootPart_Torso_Right_Leg.Parent = Torso_k5_HumanoidRootPart_Torso



--Coconut
Coconut_k5_HumanoidRootPart_Coconut = Instance.new("Pose")
Coconut_k5_HumanoidRootPart_Coconut.Name = "Coconut"
Coconut_k5_HumanoidRootPart_Coconut.CFrame = cf(0.000000, 0.000000, 0.000000, 1.000000, 0.000000, 0.000000, 0.000000, 1.000000, 0.000000, 0.000000, 0.000000, 1.000000)
Coconut_k5_HumanoidRootPart_Coconut.Parent = HumanoidRootPart_k5_HumanoidRootPart



-- Keyframe 6 (Time: 0.0833333358168602)
 keyframe6 = Instance.new("Keyframe")
keyframe6.Time = 0.0833333358168602
keyframe6.Parent = KeyframeSequence

--HumanoidRootPart
HumanoidRootPart_k6_HumanoidRootPart = Instance.new("Pose")
HumanoidRootPart_k6_HumanoidRootPart.Name = "HumanoidRootPart"
HumanoidRootPart_k6_HumanoidRootPart.CFrame = cf(0.000000, 0.000000, 0.000000, 1.000000, 0.000000, 0.000000, 0.000000, 1.000000, 0.000000, 0.000000, 0.000000, 1.000000)
HumanoidRootPart_k6_HumanoidRootPart.Parent = keyframe6



--Torso
Torso_k6_HumanoidRootPart_Torso = Instance.new("Pose")
Torso_k6_HumanoidRootPart_Torso.Name = "Torso"
Torso_k6_HumanoidRootPart_Torso.CFrame = cf(0.005172, 0.060622, -0.052457, 0.999025, 0.044031, 0.003231, -0.044070, 0.998943, 0.013093, -0.002651, -0.013222, 0.999909)
Torso_k6_HumanoidRootPart_Torso.Parent = HumanoidRootPart_k6_HumanoidRootPart



--Head
Head_k6_HumanoidRootPart_Torso_Head = Instance.new("Pose")
Head_k6_HumanoidRootPart_Torso_Head.Name = "Head"
Head_k6_HumanoidRootPart_Torso_Head.CFrame = cf(0.000000, 0.000000, -0.000000, 0.573870, 0.815816, -0.071531, -0.817728, 0.566063, -0.104373, -0.044658, 0.118390, 0.991962)
Head_k6_HumanoidRootPart_Torso_Head.Parent = Torso_k6_HumanoidRootPart_Torso



--Left Leg
Left_Leg_k6_HumanoidRootPart_Torso_Left_Leg = Instance.new("Pose")
Left_Leg_k6_HumanoidRootPart_Torso_Left_Leg.Name = "Left Leg"
Left_Leg_k6_HumanoidRootPart_Torso_Left_Leg.CFrame = cf(-0.125494, 0.097577, 0.040951, 0.996197, -0.083531, 0.024779, 0.079807, 0.988909, 0.125264, -0.034968, -0.122811, 0.991814)
Left_Leg_k6_HumanoidRootPart_Torso_Left_Leg.Parent = Torso_k6_HumanoidRootPart_Torso



--Left Arm
Left_Arm_k6_HumanoidRootPart_Torso_Left_Arm = Instance.new("Pose")
Left_Arm_k6_HumanoidRootPart_Torso_Left_Arm.Name = "Left Arm"
Left_Arm_k6_HumanoidRootPart_Torso_Left_Arm.CFrame = cf(0.000000, -0.000001, -0.000000, 1.000000, 0.000000, 0.000000, -0.000001, 1.000000, -0.000000, -0.000000, 0.000000, 1.000000)
Left_Arm_k6_HumanoidRootPart_Torso_Left_Arm.Parent = Torso_k6_HumanoidRootPart_Torso



--Right Arm
Right_Arm_k6_HumanoidRootPart_Torso_Right_Arm = Instance.new("Pose")
Right_Arm_k6_HumanoidRootPart_Torso_Right_Arm.Name = "Right Arm"
Right_Arm_k6_HumanoidRootPart_Torso_Right_Arm.CFrame = cf(-0.010255, 0.031134, -0.008849, 0.983703, 0.084319, -0.158803, -0.085386, 0.996348, 0.000102, 0.158232, 0.013460, 0.987310)
Right_Arm_k6_HumanoidRootPart_Torso_Right_Arm.Parent = Torso_k6_HumanoidRootPart_Torso



--MetalBat
MetalBat_k6_HumanoidRootPart_Torso_Right_Arm_MetalBat = Instance.new("Pose")
MetalBat_k6_HumanoidRootPart_Torso_Right_Arm_MetalBat.Name = "MetalBat"
MetalBat_k6_HumanoidRootPart_Torso_Right_Arm_MetalBat.CFrame = cf(0.000000, 0.000000, 0.000000, 1.000000, 0.000000, 0.000000, 0.000000, 1.000000, 0.000000, 0.000000, 0.000000, 1.000000)
MetalBat_k6_HumanoidRootPart_Torso_Right_Arm_MetalBat.Parent = Right_Arm_k6_HumanoidRootPart_Torso_Right_Arm



--Right Leg
Right_Leg_k6_HumanoidRootPart_Torso_Right_Leg = Instance.new("Pose")
Right_Leg_k6_HumanoidRootPart_Torso_Right_Leg.Name = "Right Leg"
Right_Leg_k6_HumanoidRootPart_Torso_Right_Leg.CFrame = cf(0.106686, 0.107009, 0.029050, 0.997933, 0.007533, 0.063818, -0.017861, 0.986499, 0.162789, -0.061730, -0.163592, 0.984595)
Right_Leg_k6_HumanoidRootPart_Torso_Right_Leg.Parent = Torso_k6_HumanoidRootPart_Torso



--Coconut
Coconut_k6_HumanoidRootPart_Coconut = Instance.new("Pose")
Coconut_k6_HumanoidRootPart_Coconut.Name = "Coconut"
Coconut_k6_HumanoidRootPart_Coconut.CFrame = cf(0.000000, 0.000000, 0.000000, 1.000000, 0.000000, 0.000000, 0.000000, 1.000000, 0.000000, 0.000000, 0.000000, 1.000000)
Coconut_k6_HumanoidRootPart_Coconut.Parent = HumanoidRootPart_k6_HumanoidRootPart



-- Keyframe 7 (Time: 0.10000000149011612)
 keyframe7 = Instance.new("Keyframe")
keyframe7.Time = 0.10000000149011612
keyframe7.Parent = KeyframeSequence

--HumanoidRootPart
HumanoidRootPart_k7_HumanoidRootPart = Instance.new("Pose")
HumanoidRootPart_k7_HumanoidRootPart.Name = "HumanoidRootPart"
HumanoidRootPart_k7_HumanoidRootPart.CFrame = cf(0.000000, 0.000000, 0.000000, 1.000000, 0.000000, 0.000000, 0.000000, 1.000000, 0.000000, 0.000000, 0.000000, 1.000000)
HumanoidRootPart_k7_HumanoidRootPart.Parent = keyframe7



--Torso
Torso_k7_HumanoidRootPart_Torso = Instance.new("Pose")
Torso_k7_HumanoidRootPart_Torso.Name = "Torso"
Torso_k7_HumanoidRootPart_Torso.CFrame = cf(0.005038, 0.060833, -0.053066, 0.999067, 0.043080, 0.003119, -0.043118, 0.998977, 0.013657, -0.002528, -0.013779, 0.999902)
Torso_k7_HumanoidRootPart_Torso.Parent = HumanoidRootPart_k7_HumanoidRootPart



--Head
Head_k7_HumanoidRootPart_Torso_Head = Instance.new("Pose")
Head_k7_HumanoidRootPart_Torso_Head.Name = "Head"
Head_k7_HumanoidRootPart_Torso_Head.CFrame = cf(0.000000, 0.000000, -0.000000, 0.631951, 0.771608, -0.072527, -0.774314, 0.624652, -0.101232, -0.032807, 0.120132, 0.992216)
Head_k7_HumanoidRootPart_Torso_Head.Parent = Torso_k7_HumanoidRootPart_Torso



--Left Leg
Left_Leg_k7_HumanoidRootPart_Torso_Left_Leg = Instance.new("Pose")
Left_Leg_k7_HumanoidRootPart_Torso_Left_Leg.Name = "Left Leg"
Left_Leg_k7_HumanoidRootPart_Torso_Left_Leg.CFrame = cf(-0.128027, 0.097787, 0.041135, 0.996098, -0.085004, 0.023722, 0.081408, 0.988810, 0.125016, -0.034084, -0.122597, 0.991871)
Left_Leg_k7_HumanoidRootPart_Torso_Left_Leg.Parent = Torso_k7_HumanoidRootPart_Torso



--Left Arm
Left_Arm_k7_HumanoidRootPart_Torso_Left_Arm = Instance.new("Pose")
Left_Arm_k7_HumanoidRootPart_Torso_Left_Arm.Name = "Left Arm"
Left_Arm_k7_HumanoidRootPart_Torso_Left_Arm.CFrame = cf(0.000000, -0.000001, 0.000000, 1.000000, 0.000000, 0.000000, -0.000001, 1.000000, -0.000000, -0.000000, 0.000000, 1.000000)
Left_Arm_k7_HumanoidRootPart_Torso_Left_Arm.Parent = Torso_k7_HumanoidRootPart_Torso



--Right Arm
Right_Arm_k7_HumanoidRootPart_Torso_Right_Arm = Instance.new("Pose")
Right_Arm_k7_HumanoidRootPart_Torso_Right_Arm.Name = "Right Arm"
Right_Arm_k7_HumanoidRootPart_Torso_Right_Arm.CFrame = cf(-0.009349, 0.030237, -0.009073, 0.983806, 0.084165, -0.158247, -0.085397, 0.996346, -0.000997, 0.157585, 0.014495, 0.987399)
Right_Arm_k7_HumanoidRootPart_Torso_Right_Arm.Parent = Torso_k7_HumanoidRootPart_Torso



--MetalBat
MetalBat_k7_HumanoidRootPart_Torso_Right_Arm_MetalBat = Instance.new("Pose")
MetalBat_k7_HumanoidRootPart_Torso_Right_Arm_MetalBat.Name = "MetalBat"
MetalBat_k7_HumanoidRootPart_Torso_Right_Arm_MetalBat.CFrame = cf(0.000000, 0.000000, 0.000000, 1.000000, 0.000000, 0.000000, 0.000000, 1.000000, 0.000000, 0.000000, 0.000000, 1.000000)
MetalBat_k7_HumanoidRootPart_Torso_Right_Arm_MetalBat.Parent = Right_Arm_k7_HumanoidRootPart_Torso_Right_Arm



--Right Leg
Right_Leg_k7_HumanoidRootPart_Torso_Right_Leg = Instance.new("Pose")
Right_Leg_k7_HumanoidRootPart_Torso_Right_Leg.Name = "Right Leg"
Right_Leg_k7_HumanoidRootPart_Torso_Right_Leg.CFrame = cf(0.109153, 0.107567, 0.029404, 0.997953, 0.010333, 0.063117, -0.020503, 0.986477, 0.162613, -0.060583, -0.163574, 0.984669)
Right_Leg_k7_HumanoidRootPart_Torso_Right_Leg.Parent = Torso_k7_HumanoidRootPart_Torso



--Coconut
Coconut_k7_HumanoidRootPart_Coconut = Instance.new("Pose")
Coconut_k7_HumanoidRootPart_Coconut.Name = "Coconut"
Coconut_k7_HumanoidRootPart_Coconut.CFrame = cf(0.000000, 0.000000, 0.000000, 1.000000, 0.000000, 0.000000, 0.000000, 1.000000, 0.000000, 0.000000, 0.000000, 1.000000)
Coconut_k7_HumanoidRootPart_Coconut.Parent = HumanoidRootPart_k7_HumanoidRootPart



-- Keyframe 8 (Time: 0.11666666716337204)
 keyframe8 = Instance.new("Keyframe")
keyframe8.Time = 0.11666666716337204
keyframe8.Parent = KeyframeSequence

--HumanoidRootPart
HumanoidRootPart_k8_HumanoidRootPart = Instance.new("Pose")
HumanoidRootPart_k8_HumanoidRootPart.Name = "HumanoidRootPart"
HumanoidRootPart_k8_HumanoidRootPart.CFrame = cf(0.000000, 0.000000, 0.000000, 1.000000, 0.000000, 0.000000, 0.000000, 1.000000, 0.000000, 0.000000, 0.000000, 1.000000)
HumanoidRootPart_k8_HumanoidRootPart.Parent = keyframe8



--Torso
Torso_k8_HumanoidRootPart_Torso = Instance.new("Pose")
Torso_k8_HumanoidRootPart_Torso.Name = "Torso"
Torso_k8_HumanoidRootPart_Torso.CFrame = cf(0.004897, 0.061027, -0.053658, 0.999107, 0.042144, 0.003002, -0.042182, 0.999009, 0.014235, -0.002399, -0.014349, 0.999894)
Torso_k8_HumanoidRootPart_Torso.Parent = HumanoidRootPart_k8_HumanoidRootPart



--Head
Head_k8_HumanoidRootPart_Torso_Head = Instance.new("Pose")
Head_k8_HumanoidRootPart_Torso_Head.Name = "Head"
Head_k8_HumanoidRootPart_Torso_Head.CFrame = cf(0.000000, 0.000000, 0.000000, 0.691216, 0.718815, -0.074334, -0.722349, 0.684306, -0.099685, -0.020788, 0.122599, 0.992239)
Head_k8_HumanoidRootPart_Torso_Head.Parent = Torso_k8_HumanoidRootPart_Torso



--Left Leg
Left_Leg_k8_HumanoidRootPart_Torso_Left_Leg = Instance.new("Pose")
Left_Leg_k8_HumanoidRootPart_Torso_Left_Leg.Name = "Left Leg"
Left_Leg_k8_HumanoidRootPart_Torso_Left_Leg.CFrame = cf(-0.130473, 0.097973, 0.041310, 0.995996, -0.086468, 0.022679, 0.082998, 0.988709, 0.124766, -0.033212, -0.122384, 0.991927)
Left_Leg_k8_HumanoidRootPart_Torso_Left_Leg.Parent = Torso_k8_HumanoidRootPart_Torso



--Left Arm
Left_Arm_k8_HumanoidRootPart_Torso_Left_Arm = Instance.new("Pose")
Left_Arm_k8_HumanoidRootPart_Torso_Left_Arm.Name = "Left Arm"
Left_Arm_k8_HumanoidRootPart_Torso_Left_Arm.CFrame = cf(0.000000, -0.000001, -0.000000, 1.000000, 0.000000, 0.000000, -0.000001, 1.000000, -0.000000, 0.000000, 0.000000, 1.000000)
Left_Arm_k8_HumanoidRootPart_Torso_Left_Arm.Parent = Torso_k8_HumanoidRootPart_Torso



--Right Arm
Right_Arm_k8_HumanoidRootPart_Torso_Right_Arm = Instance.new("Pose")
Right_Arm_k8_HumanoidRootPart_Torso_Right_Arm.Name = "Right Arm"
Right_Arm_k8_HumanoidRootPart_Torso_Right_Arm.CFrame = cf(-0.008411, 0.029299, -0.009317, 0.983933, 0.083977, -0.157557, -0.085388, 0.996345, -0.002206, 0.156796, 0.015624, 0.987508)
Right_Arm_k8_HumanoidRootPart_Torso_Right_Arm.Parent = Torso_k8_HumanoidRootPart_Torso



--MetalBat
MetalBat_k8_HumanoidRootPart_Torso_Right_Arm_MetalBat = Instance.new("Pose")
MetalBat_k8_HumanoidRootPart_Torso_Right_Arm_MetalBat.Name = "MetalBat"
MetalBat_k8_HumanoidRootPart_Torso_Right_Arm_MetalBat.CFrame = cf(0.000000, 0.000000, 0.000000, 1.000000, 0.000000, 0.000000, 0.000000, 1.000000, 0.000000, 0.000000, 0.000000, 1.000000)
MetalBat_k8_HumanoidRootPart_Torso_Right_Arm_MetalBat.Parent = Right_Arm_k8_HumanoidRootPart_Torso_Right_Arm



--Right Leg
Right_Leg_k8_HumanoidRootPart_Torso_Right_Leg = Instance.new("Pose")
Right_Leg_k8_HumanoidRootPart_Torso_Right_Leg.Name = "Right Leg"
Right_Leg_k8_HumanoidRootPart_Torso_Right_Leg.CFrame = cf(0.111558, 0.108102, 0.029756, 0.997963, 0.013116, 0.062431, -0.023131, 0.986447, 0.162445, -0.059454, -0.163558, 0.984741)
Right_Leg_k8_HumanoidRootPart_Torso_Right_Leg.Parent = Torso_k8_HumanoidRootPart_Torso



--Coconut
Coconut_k8_HumanoidRootPart_Coconut = Instance.new("Pose")
Coconut_k8_HumanoidRootPart_Coconut.Name = "Coconut"
Coconut_k8_HumanoidRootPart_Coconut.CFrame = cf(0.000000, 0.000000, 0.000000, 1.000000, 0.000000, 0.000000, 0.000000, 1.000000, 0.000000, 0.000000, 0.000000, 1.000000)
Coconut_k8_HumanoidRootPart_Coconut.Parent = HumanoidRootPart_k8_HumanoidRootPart



-- Keyframe 9 (Time: 0.13333334028720856)
 keyframe9 = Instance.new("Keyframe")
keyframe9.Time = 0.13333334028720856
keyframe9.Parent = KeyframeSequence

--HumanoidRootPart
HumanoidRootPart_k9_HumanoidRootPart = Instance.new("Pose")
HumanoidRootPart_k9_HumanoidRootPart.Name = "HumanoidRootPart"
HumanoidRootPart_k9_HumanoidRootPart.CFrame = cf(0.000000, 0.000000, 0.000000, 1.000000, 0.000000, 0.000000, 0.000000, 1.000000, 0.000000, 0.000000, 0.000000, 1.000000)
HumanoidRootPart_k9_HumanoidRootPart.Parent = keyframe9



--Torso
Torso_k9_HumanoidRootPart_Torso = Instance.new("Pose")
Torso_k9_HumanoidRootPart_Torso.Name = "Torso"
Torso_k9_HumanoidRootPart_Torso.CFrame = cf(0.004750, 0.061204, -0.054229, 0.999145, 0.041234, 0.002880, -0.041272, 0.999038, 0.014825, -0.002266, -0.014931, 0.999886)
Torso_k9_HumanoidRootPart_Torso.Parent = HumanoidRootPart_k9_HumanoidRootPart



--Head
Head_k9_HumanoidRootPart_Torso_Head = Instance.new("Pose")
Head_k9_HumanoidRootPart_Torso_Head.Name = "Head"
Head_k9_HumanoidRootPart_Torso_Head.CFrame = cf(-0.000000, 0.000000, 0.000000, 0.748742, 0.658392, -0.076850, -0.662799, 0.742025, -0.100480, -0.009130, 0.126170, 0.991967)
Head_k9_HumanoidRootPart_Torso_Head.Parent = Torso_k9_HumanoidRootPart_Torso



--Left Leg
Left_Leg_k9_HumanoidRootPart_Torso_Left_Leg = Instance.new("Pose")
Left_Leg_k9_HumanoidRootPart_Torso_Left_Leg.Name = "Left Leg"
Left_Leg_k9_HumanoidRootPart_Torso_Left_Leg.CFrame = cf(-0.132821, 0.098134, 0.041472, 0.995891, -0.087923, 0.021661, 0.084575, 0.988607, 0.124517, -0.032363, -0.122174, 0.991981)
Left_Leg_k9_HumanoidRootPart_Torso_Left_Leg.Parent = Torso_k9_HumanoidRootPart_Torso



--Left Arm
Left_Arm_k9_HumanoidRootPart_Torso_Left_Arm = Instance.new("Pose")
Left_Arm_k9_HumanoidRootPart_Torso_Left_Arm.Name = "Left Arm"
Left_Arm_k9_HumanoidRootPart_Torso_Left_Arm.CFrame = cf(0.000000, -0.000000, 0.000000, 1.000000, 0.000000, 0.000000, -0.000001, 1.000000, -0.000000, 0.000000, 0.000000, 1.000000)
Left_Arm_k9_HumanoidRootPart_Torso_Left_Arm.Parent = Torso_k9_HumanoidRootPart_Torso



--Right Arm
Right_Arm_k9_HumanoidRootPart_Torso_Right_Arm = Instance.new("Pose")
Right_Arm_k9_HumanoidRootPart_Torso_Right_Arm.Name = "Right Arm"
Right_Arm_k9_HumanoidRootPart_Torso_Right_Arm.CFrame = cf(-0.007441, 0.028320, -0.009576, 0.984085, 0.083753, -0.156725, -0.085353, 0.996345, -0.003501, 0.155858, 0.016822, 0.987636)
Right_Arm_k9_HumanoidRootPart_Torso_Right_Arm.Parent = Torso_k9_HumanoidRootPart_Torso



--MetalBat
MetalBat_k9_HumanoidRootPart_Torso_Right_Arm_MetalBat = Instance.new("Pose")
MetalBat_k9_HumanoidRootPart_Torso_Right_Arm_MetalBat.Name = "MetalBat"
MetalBat_k9_HumanoidRootPart_Torso_Right_Arm_MetalBat.CFrame = cf(0.000000, 0.000000, 0.000000, 1.000000, 0.000000, 0.000000, 0.000000, 1.000000, 0.000000, 0.000000, 0.000000, 1.000000)
MetalBat_k9_HumanoidRootPart_Torso_Right_Arm_MetalBat.Parent = Right_Arm_k9_HumanoidRootPart_Torso_Right_Arm



--Right Leg
Right_Leg_k9_HumanoidRootPart_Torso_Right_Leg = Instance.new("Pose")
Right_Leg_k9_HumanoidRootPart_Torso_Right_Leg.Name = "Right Leg"
Right_Leg_k9_HumanoidRootPart_Torso_Right_Leg.CFrame = cf(0.113896, 0.108613, 0.030106, 0.997964, 0.015871, 0.061769, -0.025735, 0.986408, 0.162285, -0.058353, -0.163544, 0.984809)
Right_Leg_k9_HumanoidRootPart_Torso_Right_Leg.Parent = Torso_k9_HumanoidRootPart_Torso



--Coconut
Coconut_k9_HumanoidRootPart_Coconut = Instance.new("Pose")
Coconut_k9_HumanoidRootPart_Coconut.Name = "Coconut"
Coconut_k9_HumanoidRootPart_Coconut.CFrame = cf(0.000000, 0.000000, 0.000000, 1.000000, 0.000000, 0.000000, 0.000000, 1.000000, 0.000000, 0.000000, 0.000000, 1.000000)
Coconut_k9_HumanoidRootPart_Coconut.Parent = HumanoidRootPart_k9_HumanoidRootPart



-- Keyframe 10 (Time: 0.15000000596046448)
 keyframe10 = Instance.new("Keyframe")
keyframe10.Time = 0.15000000596046448
keyframe10.Parent = KeyframeSequence

--HumanoidRootPart
HumanoidRootPart_k10_HumanoidRootPart = Instance.new("Pose")
HumanoidRootPart_k10_HumanoidRootPart.Name = "HumanoidRootPart"
HumanoidRootPart_k10_HumanoidRootPart.CFrame = cf(0.000000, 0.000000, 0.000000, 1.000000, 0.000000, 0.000000, 0.000000, 1.000000, 0.000000, 0.000000, 0.000000, 1.000000)
HumanoidRootPart_k10_HumanoidRootPart.Parent = keyframe10



--Torso
Torso_k10_HumanoidRootPart_Torso = Instance.new("Pose")
Torso_k10_HumanoidRootPart_Torso.Name = "Torso"
Torso_k10_HumanoidRootPart_Torso.CFrame = cf(0.004596, 0.061364, -0.054778, 0.999181, 0.040360, 0.002753, -0.040398, 0.999065, 0.015429, -0.002128, -0.015527, 0.999877)
Torso_k10_HumanoidRootPart_Torso.Parent = HumanoidRootPart_k10_HumanoidRootPart



--Head
Head_k10_HumanoidRootPart_Torso_Head = Instance.new("Pose")
Head_k10_HumanoidRootPart_Torso_Head.Name = "Head"
Head_k10_HumanoidRootPart_Torso_Head.CFrame = cf(-0.000000, 0.000000, -0.000000, 0.801998, 0.591968, -0.079828, -0.597324, 0.795184, -0.104342, 0.001711, 0.131366, 0.991333)
Head_k10_HumanoidRootPart_Torso_Head.Parent = Torso_k10_HumanoidRootPart_Torso



--Left Leg
Left_Leg_k10_HumanoidRootPart_Torso_Left_Leg = Instance.new("Pose")
Left_Leg_k10_HumanoidRootPart_Torso_Left_Leg.Name = "Left Leg"
Left_Leg_k10_HumanoidRootPart_Torso_Left_Leg.CFrame = cf(-0.134639, 0.098312, 0.041550, 0.995804, -0.089134, 0.020688, 0.085903, 0.988519, 0.124304, -0.031530, -0.122006, 0.992029)
Left_Leg_k10_HumanoidRootPart_Torso_Left_Leg.Parent = Torso_k10_HumanoidRootPart_Torso



--Left Arm
Left_Arm_k10_HumanoidRootPart_Torso_Left_Arm = Instance.new("Pose")
Left_Arm_k10_HumanoidRootPart_Torso_Left_Arm.Name = "Left Arm"
Left_Arm_k10_HumanoidRootPart_Torso_Left_Arm.CFrame = cf(-0.000000, -0.000000, -0.000000, 1.000000, -0.000000, 0.000000, -0.000001, 1.000000, -0.000000, -0.000000, 0.000000, 1.000000)
Left_Arm_k10_HumanoidRootPart_Torso_Left_Arm.Parent = Torso_k10_HumanoidRootPart_Torso



--Right Arm
Right_Arm_k10_HumanoidRootPart_Torso_Right_Arm = Instance.new("Pose")
Right_Arm_k10_HumanoidRootPart_Torso_Right_Arm.Name = "Right Arm"
Right_Arm_k10_HumanoidRootPart_Torso_Right_Arm.CFrame = cf(-0.006437, 0.027299, -0.009843, 0.984263, 0.083491, -0.155740, -0.085284, 0.996345, -0.004859, 0.154765, 0.018065, 0.987786)
Right_Arm_k10_HumanoidRootPart_Torso_Right_Arm.Parent = Torso_k10_HumanoidRootPart_Torso



--MetalBat
MetalBat_k10_HumanoidRootPart_Torso_Right_Arm_MetalBat = Instance.new("Pose")
MetalBat_k10_HumanoidRootPart_Torso_Right_Arm_MetalBat.Name = "MetalBat"
MetalBat_k10_HumanoidRootPart_Torso_Right_Arm_MetalBat.CFrame = cf(0.000000, 0.000000, 0.000000, 1.000000, 0.000000, 0.000000, 0.000000, 1.000000, 0.000000, 0.000000, 0.000000, 1.000000)
MetalBat_k10_HumanoidRootPart_Torso_Right_Arm_MetalBat.Parent = Right_Arm_k10_HumanoidRootPart_Torso_Right_Arm



--Right Leg
Right_Leg_k10_HumanoidRootPart_Torso_Right_Leg = Instance.new("Pose")
Right_Leg_k10_HumanoidRootPart_Torso_Right_Leg.Name = "Right Leg"
Right_Leg_k10_HumanoidRootPart_Torso_Right_Leg.CFrame = cf(0.116156, 0.109098, 0.030448, 0.997956, 0.018584, 0.061141, -0.028306, 0.986362, 0.162138, -0.057294, -0.163537, 0.984872)
Right_Leg_k10_HumanoidRootPart_Torso_Right_Leg.Parent = Torso_k10_HumanoidRootPart_Torso



--Coconut
Coconut_k10_HumanoidRootPart_Coconut = Instance.new("Pose")
Coconut_k10_HumanoidRootPart_Coconut.Name = "Coconut"
Coconut_k10_HumanoidRootPart_Coconut.CFrame = cf(0.000000, 0.000000, 0.000000, 1.000000, 0.000000, 0.000000, 0.000000, 1.000000, 0.000000, 0.000000, 0.000000, 1.000000)
Coconut_k10_HumanoidRootPart_Coconut.Parent = HumanoidRootPart_k10_HumanoidRootPart



-- Keyframe 11 (Time: 0.1666666716337204)
 keyframe11 = Instance.new("Keyframe")
keyframe11.Time = 0.1666666716337204
keyframe11.Parent = KeyframeSequence

--HumanoidRootPart
HumanoidRootPart_k11_HumanoidRootPart = Instance.new("Pose")
HumanoidRootPart_k11_HumanoidRootPart.Name = "HumanoidRootPart"
HumanoidRootPart_k11_HumanoidRootPart.CFrame = cf(0.000000, 0.000000, 0.000000, 1.000000, 0.000000, 0.000000, 0.000000, 1.000000, 0.000000, 0.000000, 0.000000, 1.000000)
HumanoidRootPart_k11_HumanoidRootPart.Parent = keyframe11



--Torso
Torso_k11_HumanoidRootPart_Torso = Instance.new("Pose")
Torso_k11_HumanoidRootPart_Torso.Name = "Torso"
Torso_k11_HumanoidRootPart_Torso.CFrame = cf(0.004435, 0.061506, -0.055300, 0.999215, 0.039534, 0.002621, -0.039571, 0.999088, 0.016045, -0.001984, -0.016136, 0.999868)
Torso_k11_HumanoidRootPart_Torso.Parent = HumanoidRootPart_k11_HumanoidRootPart



--Head
Head_k11_HumanoidRootPart_Torso_Head = Instance.new("Pose")
Head_k11_HumanoidRootPart_Torso_Head.Name = "Head"
Head_k11_HumanoidRootPart_Torso_Head.CFrame = cf(0.000000, 0.000000, -0.000000, 0.849065, 0.521744, -0.082900, -0.528167, 0.841730, -0.111943, 0.011374, 0.138832, 0.990251)
Head_k11_HumanoidRootPart_Torso_Head.Parent = Torso_k11_HumanoidRootPart_Torso



--Left Leg
Left_Leg_k11_HumanoidRootPart_Torso_Left_Leg = Instance.new("Pose")
Left_Leg_k11_HumanoidRootPart_Torso_Left_Leg.Name = "Left Leg"
Left_Leg_k11_HumanoidRootPart_Torso_Left_Leg.CFrame = cf(-0.136740, 0.098415, 0.041692, 0.995694, -0.090568, 0.019752, 0.087449, 0.988414, 0.124059, -0.030759, -0.121797, 0.992078)
Left_Leg_k11_HumanoidRootPart_Torso_Left_Leg.Parent = Torso_k11_HumanoidRootPart_Torso



--Left Arm
Left_Arm_k11_HumanoidRootPart_Torso_Left_Arm = Instance.new("Pose")
Left_Arm_k11_HumanoidRootPart_Torso_Left_Arm.Name = "Left Arm"
Left_Arm_k11_HumanoidRootPart_Torso_Left_Arm.CFrame = cf(-0.000000, -0.000000, 0.000000, 1.000000, -0.000000, 0.000000, -0.000001, 1.000000, -0.000000, 0.000000, 0.000000, 1.000000)
Left_Arm_k11_HumanoidRootPart_Torso_Left_Arm.Parent = Torso_k11_HumanoidRootPart_Torso



--Right Arm
Right_Arm_k11_HumanoidRootPart_Torso_Right_Arm = Instance.new("Pose")
Right_Arm_k11_HumanoidRootPart_Torso_Right_Arm.Name = "Right Arm"
