-- KeyframeSequence Export: rbxassetid://92556176196919_92556176196919
-- Generated on 2026-04-28 01:38:09

local KeyframeSequence = Instance.new("KeyframeSequence")
KeyframeSequence.Name = "rbxassetid://92556176196919_92556176196919"
local cf=CFrame.new

-- Keyframe 1 (Time: 0)
 keyframe1 = Instance.new("Keyframe")
keyframe1.Time = 0
keyframe1.Parent = KeyframeSequence

--HumanoidRootPart
HumanoidRootPart_k1_HumanoidRootPart = Instance.new("Pose")
HumanoidRootPart_k1_HumanoidRootPart.Name = "HumanoidRootPart"
HumanoidRootPart_k1_HumanoidRootPart.CFrame = cf(0.000000, 0.000000, 0.000000, 1.000000, 0.000000, 0.000000, 0.000000, 1.000000, 0.000000, 0.000000, 0.000000, 1.000000)
HumanoidRootPart_k1_HumanoidRootPart.Parent = keyframe1



--Torso
Torso_k1_HumanoidRootPart_Torso = Instance.new("Pose")
Torso_k1_HumanoidRootPart_Torso.Name = "Torso"
Torso_k1_HumanoidRootPart_Torso.CFrame = cf(0.000000, 0.000000, 0.000000, 0.974946, 0.000000, -0.222440, 0.000000, 1.000000, 0.000000, 0.222440, 0.000000, 0.974946)
Torso_k1_HumanoidRootPart_Torso.Parent = HumanoidRootPart_k1_HumanoidRootPart



--Head
Head_k1_HumanoidRootPart_Torso_Head = Instance.new("Pose")
Head_k1_HumanoidRootPart_Torso_Head.Name = "Head"
Head_k1_HumanoidRootPart_Torso_Head.CFrame = cf(0.000000, 0.000000, 0.000000, 1.000000, 0.000000, 0.000000, 0.000000, 1.000000, 0.000000, 0.000000, 0.000000, 1.000000)
Head_k1_HumanoidRootPart_Torso_Head.Parent = Torso_k1_HumanoidRootPart_Torso



--Left Leg
Left_Leg_k1_HumanoidRootPart_Torso_Left_Leg = Instance.new("Pose")
Left_Leg_k1_HumanoidRootPart_Torso_Left_Leg.Name = "Left Leg"
Left_Leg_k1_HumanoidRootPart_Torso_Left_Leg.CFrame = cf(0.000000, 0.000000, 0.000000, 1.000000, 0.000000, 0.000000, 0.000000, 1.000000, 0.000000, 0.000000, 0.000000, 1.000000)
Left_Leg_k1_HumanoidRootPart_Torso_Left_Leg.Parent = Torso_k1_HumanoidRootPart_Torso



--Right Arm
Right_Arm_k1_HumanoidRootPart_Torso_Right_Arm = Instance.new("Pose")
Right_Arm_k1_HumanoidRootPart_Torso_Right_Arm.Name = "Right Arm"
Right_Arm_k1_HumanoidRootPart_Torso_Right_Arm.CFrame = cf(0.000000, 0.000000, 0.000000, 1.000000, 0.000000, 0.000000, 0.000000, 1.000000, 0.000000, 0.000000, 0.000000, 1.000000)
Right_Arm_k1_HumanoidRootPart_Torso_Right_Arm.Parent = Torso_k1_HumanoidRootPart_Torso



--Right Leg
Right_Leg_k1_HumanoidRootPart_Torso_Right_Leg = Instance.new("Pose")
Right_Leg_k1_HumanoidRootPart_Torso_Right_Leg.Name = "Right Leg"
Right_Leg_k1_HumanoidRootPart_Torso_Right_Leg.CFrame = cf(0.000000, 0.000000, 0.000000, 1.000000, 0.000000, 0.000000, 0.000000, 1.000000, 0.000000, 0.000000, 0.000000, 1.000000)
Right_Leg_k1_HumanoidRootPart_Torso_Right_Leg.Parent = Torso_k1_HumanoidRootPart_Torso



--Left Arm
Left_Arm_k1_HumanoidRootPart_Torso_Left_Arm = Instance.new("Pose")
Left_Arm_k1_HumanoidRootPart_Torso_Left_Arm.Name = "Left Arm"
Left_Arm_k1_HumanoidRootPart_Torso_Left_Arm.CFrame = cf(0.000000, 0.000000, 0.000000, 1.000000, 0.000000, 0.000000, 0.000000, 1.000000, 0.000000, 0.000000, 0.000000, 1.000000)
Left_Arm_k1_HumanoidRootPart_Torso_Left_Arm.Parent = Torso_k1_HumanoidRootPart_Torso



-- Keyframe 2 (Time: 0.05000000074505806)
 keyframe2 = Instance.new("Keyframe")
keyframe2.Time = 0.05000000074505806
keyframe2.Parent = KeyframeSequence

--HumanoidRootPart
HumanoidRootPart_k2_HumanoidRootPart = Instance.new("Pose")
HumanoidRootPart_k2_HumanoidRootPart.Name = "HumanoidRootPart"
HumanoidRootPart_k2_HumanoidRootPart.CFrame = cf(0.000000, 0.000000, 0.000000, 1.000000, 0.000000, 0.000000, 0.000000, 1.000000, 0.000000, 0.000000, 0.000000, 1.000000)
HumanoidRootPart_k2_HumanoidRootPart.Parent = keyframe2



--Torso
Torso_k2_HumanoidRootPart_Torso = Instance.new("Pose")
Torso_k2_HumanoidRootPart_Torso.Name = "Torso"
Torso_k2_HumanoidRootPart_Torso.CFrame = cf(0.000000, 0.000000, 0.000000, 0.974946, 0.000000, -0.222440, 0.000000, 1.000000, 0.000000, 0.222440, 0.000000, 0.974946)
Torso_k2_HumanoidRootPart_Torso.Parent = HumanoidRootPart_k2_HumanoidRootPart



--Head
Head_k2_HumanoidRootPart_Torso_Head = Instance.new("Pose")
Head_k2_HumanoidRootPart_Torso_Head.Name = "Head"
Head_k2_HumanoidRootPart_Torso_Head.CFrame = cf(0.000000, 0.000000, -0.000000, 0.942067, 0.050555, -0.331594, 0.000000, 0.988576, 0.150721, 0.335425, -0.141989, 0.931305)
Head_k2_HumanoidRootPart_Torso_Head.Parent = Torso_k2_HumanoidRootPart_Torso



--Left Leg
Left_Leg_k2_HumanoidRootPart_Torso_Left_Leg = Instance.new("Pose")
Left_Leg_k2_HumanoidRootPart_Torso_Left_Leg.Name = "Left Leg"
Left_Leg_k2_HumanoidRootPart_Torso_Left_Leg.CFrame = cf(0.000000, 0.000000, 0.000000, 1.000000, 0.000000, 0.000000, 0.000000, 0.942861, 0.333186, 0.000000, -0.333186, 0.942861)
Left_Leg_k2_HumanoidRootPart_Torso_Left_Leg.Parent = Torso_k2_HumanoidRootPart_Torso



--Right Arm
Right_Arm_k2_HumanoidRootPart_Torso_Right_Arm = Instance.new("Pose")
Right_Arm_k2_HumanoidRootPart_Torso_Right_Arm.Name = "Right Arm"
Right_Arm_k2_HumanoidRootPart_Torso_Right_Arm.CFrame = cf(0.000000, 0.000000, -0.000000, 1.000000, 0.000000, 0.000000, 0.000000, 0.771855, 0.635799, 0.000000, -0.635799, 0.771855)
Right_Arm_k2_HumanoidRootPart_Torso_Right_Arm.Parent = Torso_k2_HumanoidRootPart_Torso



--Right Leg
Right_Leg_k2_HumanoidRootPart_Torso_Right_Leg = Instance.new("Pose")
Right_Leg_k2_HumanoidRootPart_Torso_Right_Leg.Name = "Right Leg"
Right_Leg_k2_HumanoidRootPart_Torso_Right_Leg.CFrame = cf(0.000000, 0.000000, 0.000000, 1.000000, 0.000000, 0.000000, 0.000000, 0.924019, 0.382347, 0.000000, -0.382347, 0.924019)
Right_Leg_k2_HumanoidRootPart_Torso_Right_Leg.Parent = Torso_k2_HumanoidRootPart_Torso



--Left Arm
Left_Arm_k2_HumanoidRootPart_Torso_Left_Arm = Instance.new("Pose")
Left_Arm_k2_HumanoidRootPart_Torso_Left_Arm.Name = "Left Arm"
Left_Arm_k2_HumanoidRootPart_Torso_Left_Arm.CFrame = cf(0.000000, -0.201762, 0.740354, 1.000000, 0.000000, 0.000000, 0.000000, -0.920529, 0.390673, 0.000000, -0.390673, -0.920529)
Left_Arm_k2_HumanoidRootPart_Torso_Left_Arm.Parent = Torso_k2_HumanoidRootPart_Torso



-- Keyframe 3 (Time: 0.0833333358168602)
 keyframe3 = Instance.new("Keyframe")
keyframe3.Time = 0.0833333358168602
keyframe3.Parent = KeyframeSequence

--HumanoidRootPart
HumanoidRootPart_k3_HumanoidRootPart = Instance.new("Pose")
HumanoidRootPart_k3_HumanoidRootPart.Name = "HumanoidRootPart"
HumanoidRootPart_k3_HumanoidRootPart.CFrame = cf(0.000000, 0.000000, 0.000000, 1.000000, 0.000000, 0.000000, 0.000000, 1.000000, 0.000000, 0.000000, 0.000000, 1.000000)
HumanoidRootPart_k3_HumanoidRootPart.Parent = keyframe3



--Torso
Torso_k3_HumanoidRootPart_Torso = Instance.new("Pose")
Torso_k3_HumanoidRootPart_Torso.Name = "Torso"
Torso_k3_HumanoidRootPart_Torso.CFrame = cf(0.000000, 0.000000, 0.000000, 0.974946, 0.000000, -0.222440, 0.000000, 1.000000, 0.000000, 0.222440, 0.000000, 0.974946)
Torso_k3_HumanoidRootPart_Torso.Parent = HumanoidRootPart_k3_HumanoidRootPart



-- Keyframe 4 (Time: 0.13333334028720856)
 keyframe4 = Instance.new("Keyframe")
keyframe4.Time = 0.13333334028720856
keyframe4.Parent = KeyframeSequence

--HumanoidRootPart
HumanoidRootPart_k4_HumanoidRootPart = Instance.new("Pose")
HumanoidRootPart_k4_HumanoidRootPart.Name = "HumanoidRootPart"
HumanoidRootPart_k4_HumanoidRootPart.CFrame = cf(0.000000, 0.000000, 0.000000, 1.000000, 0.000000, 0.000000, 0.000000, 1.000000, 0.000000, 0.000000, 0.000000, 1.000000)
HumanoidRootPart_k4_HumanoidRootPart.Parent = keyframe4



--Torso
Torso_k4_HumanoidRootPart_Torso = Instance.new("Pose")
Torso_k4_HumanoidRootPart_Torso.Name = "Torso"
Torso_k4_HumanoidRootPart_Torso.CFrame = cf(1.164465, -0.577464, 1.077931, 0.741170, -0.663301, -0.103437, 0.656934, 0.748353, -0.091681, 0.138219, 0.000000, 0.990402)
Torso_k4_HumanoidRootPart_Torso.Parent = HumanoidRootPart_k4_HumanoidRootPart



-- Keyframe 5 (Time: 0.15000000596046448)
 keyframe5 = Instance.new("Keyframe")
keyframe5.Time = 0.15000000596046448
keyframe5.Parent = KeyframeSequence

--HumanoidRootPart
HumanoidRootPart_k5_HumanoidRootPart = Instance.new("Pose")
HumanoidRootPart_k5_HumanoidRootPart.Name = "HumanoidRootPart"
HumanoidRootPart_k5_HumanoidRootPart.CFrame = cf(0.000000, 0.000000, 0.000000, 1.000000, 0.000000, 0.000000, 0.000000, 1.000000, 0.000000, 0.000000, 0.000000, 1.000000)
HumanoidRootPart_k5_HumanoidRootPart.Parent = keyframe5



--Torso
Torso_k5_HumanoidRootPart_Torso = Instance.new("Pose")
Torso_k5_HumanoidRootPart_Torso.Name = "Torso"
Torso_k5_HumanoidRootPart_Torso.CFrame = cf(1.164465, -0.577464, 1.077931, 0.741170, -0.663301, -0.103437, 0.656934, 0.748353, -0.091681, 0.138219, 0.000000, 0.990402)
Torso_k5_HumanoidRootPart_Torso.Parent = HumanoidRootPart_k5_HumanoidRootPart



--Head
Head_k5_HumanoidRootPart_Torso_Head = Instance.new("Pose")
Head_k5_HumanoidRootPart_Torso_Head.Name = "Head"
Head_k5_HumanoidRootPart_Torso_Head.CFrame = cf(0.000000, 0.000000, -0.000000, 0.942067, 0.050555, -0.331594, 0.000000, 0.988576, 0.150721, 0.335425, -0.141989, 0.931305)
Head_k5_HumanoidRootPart_Torso_Head.Parent = Torso_k5_HumanoidRootPart_Torso



--Left Leg
Left_Leg_k5_HumanoidRootPart_Torso_Left_Leg = Instance.new("Pose")
Left_Leg_k5_HumanoidRootPart_Torso_Left_Leg.Name = "Left Leg"
Left_Leg_k5_HumanoidRootPart_Torso_Left_Leg.CFrame = cf(0.000000, 0.000000, 0.000000, 1.000000, 0.000000, 0.000000, 0.000000, 0.942861, 0.333186, 0.000000, -0.333186, 0.942861)
Left_Leg_k5_HumanoidRootPart_Torso_Left_Leg.Parent = Torso_k5_HumanoidRootPart_Torso



--Right Arm
Right_Arm_k5_HumanoidRootPart_Torso_Right_Arm = Instance.new("Pose")
Right_Arm_k5_HumanoidRootPart_Torso_Right_Arm.Name = "Right Arm"
Right_Arm_k5_HumanoidRootPart_Torso_Right_Arm.CFrame = cf(0.000000, 0.000000, -0.000000, 1.000000, 0.000000, 0.000000, 0.000000, 0.771855, 0.635799, 0.000000, -0.635799, 0.771855)
Right_Arm_k5_HumanoidRootPart_Torso_Right_Arm.Parent = Torso_k5_HumanoidRootPart_Torso



--Right Leg
Right_Leg_k5_HumanoidRootPart_Torso_Right_Leg = Instance.new("Pose")
Right_Leg_k5_HumanoidRootPart_Torso_Right_Leg.Name = "Right Leg"
Right_Leg_k5_HumanoidRootPart_Torso_Right_Leg.CFrame = cf(0.000000, 0.000000, 0.000000, 1.000000, 0.000000, 0.000000, 0.000000, 0.924019, 0.382347, 0.000000, -0.382347, 0.924019)
Right_Leg_k5_HumanoidRootPart_Torso_Right_Leg.Parent = Torso_k5_HumanoidRootPart_Torso



--Left Arm
Left_Arm_k5_HumanoidRootPart_Torso_Left_Arm = Instance.new("Pose")
Left_Arm_k5_HumanoidRootPart_Torso_Left_Arm.Name = "Left Arm"
Left_Arm_k5_HumanoidRootPart_Torso_Left_Arm.CFrame = cf(0.000000, -0.201762, 0.740354, 1.000000, 0.000000, 0.000000, 0.000000, -0.920529, 0.390673, 0.000000, -0.390673, -0.920529)
Left_Arm_k5_HumanoidRootPart_Torso_Left_Arm.Parent = Torso_k5_HumanoidRootPart_Torso



-- Keyframe 6 (Time: 0.21666666865348816)
 keyframe6 = Instance.new("Keyframe")
keyframe6.Time = 0.21666666865348816
keyframe6.Parent = KeyframeSequence

--HumanoidRootPart
HumanoidRootPart_k6_HumanoidRootPart = Instance.new("Pose")
HumanoidRootPart_k6_HumanoidRootPart.Name = "HumanoidRootPart"
HumanoidRootPart_k6_HumanoidRootPart.CFrame = cf(0.000000, 0.000000, 0.000000, 1.000000, 0.000000, 0.000000, 0.000000, 1.000000, 0.000000, 0.000000, 0.000000, 1.000000)
HumanoidRootPart_k6_HumanoidRootPart.Parent = keyframe6



--Torso
Torso_k6_HumanoidRootPart_Torso = Instance.new("Pose")
Torso_k6_HumanoidRootPart_Torso.Name = "Torso"
Torso_k6_HumanoidRootPart_Torso.CFrame = cf(1.984091, -0.530523, 1.743960, -0.057179, -0.998364, 0.000000, 0.998364, -0.057179, 0.000000, 0.000000, 0.000000, 1.000000)
Torso_k6_HumanoidRootPart_Torso.Parent = HumanoidRootPart_k6_HumanoidRootPart



-- Keyframe 7 (Time: 0.23333333432674408)
 keyframe7 = Instance.new("Keyframe")
keyframe7.Time = 0.23333333432674408
keyframe7.Parent = KeyframeSequence

--HumanoidRootPart
HumanoidRootPart_k7_HumanoidRootPart = Instance.new("Pose")
HumanoidRootPart_k7_HumanoidRootPart.Name = "HumanoidRootPart"
HumanoidRootPart_k7_HumanoidRootPart.CFrame = cf(0.000000, 0.000000, 0.000000, 1.000000, 0.000000, 0.000000, 0.000000, 1.000000, 0.000000, 0.000000, 0.000000, 1.000000)
HumanoidRootPart_k7_HumanoidRootPart.Parent = keyframe7



--Torso
Torso_k7_HumanoidRootPart_Torso = Instance.new("Pose")
Torso_k7_HumanoidRootPart_Torso.Name = "Torso"
Torso_k7_HumanoidRootPart_Torso.CFrame = cf(2.326204, -0.533633, 1.961192, -0.439668, -0.898161, 0.000000, 0.898161, -0.439668, 0.000000, 0.000000, 0.000000, 1.000000)
Torso_k7_HumanoidRootPart_Torso.Parent = HumanoidRootPart_k7_HumanoidRootPart



-- Keyframe 8 (Time: 0.25)
 keyframe8 = Instance.new("Keyframe")
keyframe8.Time = 0.25
keyframe8.Parent = KeyframeSequence

--HumanoidRootPart
HumanoidRootPart_k8_HumanoidRootPart = Instance.new("Pose")
HumanoidRootPart_k8_HumanoidRootPart.Name = "HumanoidRootPart"
HumanoidRootPart_k8_HumanoidRootPart.CFrame = cf(0.000000, 0.000000, 0.000000, 1.000000, 0.000000, 0.000000, 0.000000, 1.000000, 0.000000, 0.000000, 0.000000, 1.000000)
HumanoidRootPart_k8_HumanoidRootPart.Parent = keyframe8



--Torso
Torso_k8_HumanoidRootPart_Torso = Instance.new("Pose")
Torso_k8_HumanoidRootPart_Torso.Name = "Torso"
Torso_k8_HumanoidRootPart_Torso.CFrame = cf(2.326204, -0.533633, 1.961192, -0.439668, -0.898161, 0.000000, 0.898161, -0.439668, 0.000000, 0.000000, 0.000000, 1.000000)
Torso_k8_HumanoidRootPart_Torso.Parent = HumanoidRootPart_k8_HumanoidRootPart



--Head
Head_k8_HumanoidRootPart_Torso_Head = Instance.new("Pose")
Head_k8_HumanoidRootPart_Torso_Head.Name = "Head"
Head_k8_HumanoidRootPart_Torso_Head.CFrame = cf(0.000000, 0.000000, -0.000000, 0.962114, 0.050555, -0.267918, -0.010069, 0.988576, 0.150384, 0.272460, -0.141989, 0.951633)
Head_k8_HumanoidRootPart_Torso_Head.Parent = Torso_k8_HumanoidRootPart_Torso



--Left Leg
Left_Leg_k8_HumanoidRootPart_Torso_Left_Leg = Instance.new("Pose")
Left_Leg_k8_HumanoidRootPart_Torso_Left_Leg.Name = "Left Leg"
Left_Leg_k8_HumanoidRootPart_Torso_Left_Leg.CFrame = cf(0.000000, 0.000000, 0.000000, 1.000000, 0.000000, 0.000000, 0.000000, 0.980968, 0.194170, 0.000000, -0.194170, 0.980968)
Left_Leg_k8_HumanoidRootPart_Torso_Left_Leg.Parent = Torso_k8_HumanoidRootPart_Torso



--Right Arm
Right_Arm_k8_HumanoidRootPart_Torso_Right_Arm = Instance.new("Pose")
Right_Arm_k8_HumanoidRootPart_Torso_Right_Arm.Name = "Right Arm"
Right_Arm_k8_HumanoidRootPart_Torso_Right_Arm.CFrame = cf(0.000000, -0.000000, -0.000000, 1.000000, 0.000000, 0.000000, 0.000000, 0.829449, 0.558582, 0.000000, -0.558582, 0.829449)
Right_Arm_k8_HumanoidRootPart_Torso_Right_Arm.Parent = Torso_k8_HumanoidRootPart_Torso



--Right Leg
Right_Leg_k8_HumanoidRootPart_Torso_Right_Leg = Instance.new("Pose")
Right_Leg_k8_HumanoidRootPart_Torso_Right_Leg.Name = "Right Leg"
Right_Leg_k8_HumanoidRootPart_Torso_Right_Leg.CFrame = cf(0.000000, -0.000000, -0.000000, 1.000000, 0.000000, 0.000000, 0.000000, 0.950123, 0.311877, 0.000000, -0.311877, 0.950123)
Right_Leg_k8_HumanoidRootPart_Torso_Right_Leg.Parent = Torso_k8_HumanoidRootPart_Torso



--Left Arm
Left_Arm_k8_HumanoidRootPart_Torso_Left_Arm = Instance.new("Pose")
Left_Arm_k8_HumanoidRootPart_Torso_Left_Arm.Name = "Left Arm"
Left_Arm_k8_HumanoidRootPart_Torso_Left_Arm.CFrame = cf(0.000000, -0.201762, 0.740354, 1.000000, 0.000000, 0.000000, 0.000000, -0.960271, 0.279068, 0.000000, -0.279068, -0.960271)
Left_Arm_k8_HumanoidRootPart_Torso_Left_Arm.Parent = Torso_k8_HumanoidRootPart_Torso



-- Keyframe 9 (Time: 0.30000001192092896)
 keyframe9 = Instance.new("Keyframe")
keyframe9.Time = 0.30000001192092896
keyframe9.Parent = KeyframeSequence

--HumanoidRootPart
HumanoidRootPart_k9_HumanoidRootPart = Instance.new("Pose")
HumanoidRootPart_k9_HumanoidRootPart.Name = "HumanoidRootPart"
HumanoidRootPart_k9_HumanoidRootPart.CFrame = cf(0.000000, 0.000000, 0.000000, 1.000000, 0.000000, 0.000000, 0.000000, 1.000000, 0.000000, 0.000000, 0.000000, 1.000000)
HumanoidRootPart_k9_HumanoidRootPart.Parent = keyframe9



--Torso
Torso_k9_HumanoidRootPart_Torso = Instance.new("Pose")
Torso_k9_HumanoidRootPart_Torso.Name = "Torso"
Torso_k9_HumanoidRootPart_Torso.CFrame = cf(2.513516, -0.585901, 1.961192, -0.476438, -0.879208, 0.000000, 0.879208, -0.476438, 0.000000, 0.000000, 0.000000, 1.000000)
Torso_k9_HumanoidRootPart_Torso.Parent = HumanoidRootPart_k9_HumanoidRootPart



-- Keyframe 10 (Time: 0.3166666626930237)
 keyframe10 = Instance.new("Keyframe")
keyframe10.Time = 0.3166666626930237
keyframe10.Parent = KeyframeSequence

--HumanoidRootPart
HumanoidRootPart_k10_HumanoidRootPart = Instance.new("Pose")
HumanoidRootPart_k10_HumanoidRootPart.Name = "HumanoidRootPart"
HumanoidRootPart_k10_HumanoidRootPart.CFrame = cf(0.000000, 0.000000, 0.000000, 1.000000, 0.000000, 0.000000, 0.000000, 1.000000, 0.000000, 0.000000, 0.000000, 1.000000)
HumanoidRootPart_k10_HumanoidRootPart.Parent = keyframe10



--Torso
Torso_k10_HumanoidRootPart_Torso = Instance.new("Pose")
Torso_k10_HumanoidRootPart_Torso.Name = "Torso"
Torso_k10_HumanoidRootPart_Torso.CFrame = cf(2.513516, -0.585901, 1.961192, -0.476438, -0.879208, 0.000000, 0.879208, -0.476438, 0.000000, 0.000000, 0.000000, 1.000000)
Torso_k10_HumanoidRootPart_Torso.Parent = HumanoidRootPart_k10_HumanoidRootPart



--Head
Head_k10_HumanoidRootPart_Torso_Head = Instance.new("Pose")
Head_k10_HumanoidRootPart_Torso_Head.Name = "Head"
Head_k10_HumanoidRootPart_Torso_Head.CFrame = cf(0.000000, 0.000000, -0.000000, 0.962114, 0.050555, -0.267918, -0.010069, 0.988576, 0.150384, 0.272460, -0.141989, 0.951633)
Head_k10_HumanoidRootPart_Torso_Head.Parent = Torso_k10_HumanoidRootPart_Torso



--Left Leg
Left_Leg_k10_HumanoidRootPart_Torso_Left_Leg = Instance.new("Pose")
Left_Leg_k10_HumanoidRootPart_Torso_Left_Leg.Name = "Left Leg"
Left_Leg_k10_HumanoidRootPart_Torso_Left_Leg.CFrame = cf(0.000000, 0.000000, 0.000000, 1.000000, 0.000000, 0.000000, 0.000000, 0.980968, 0.194170, 0.000000, -0.194170, 0.980968)
Left_Leg_k10_HumanoidRootPart_Torso_Left_Leg.Parent = Torso_k10_HumanoidRootPart_Torso



--Right Arm
Right_Arm_k10_HumanoidRootPart_Torso_Right_Arm = Instance.new("Pose")
Right_Arm_k10_HumanoidRootPart_Torso_Right_Arm.Name = "Right Arm"
Right_Arm_k10_HumanoidRootPart_Torso_Right_Arm.CFrame = cf(0.000000, -0.000000, -0.000000, 1.000000, 0.000000, 0.000000, 0.000000, 0.829449, 0.558582, 0.000000, -0.558582, 0.829449)
Right_Arm_k10_HumanoidRootPart_Torso_Right_Arm.Parent = Torso_k10_HumanoidRootPart_Torso



--Right Leg
Right_Leg_k10_HumanoidRootPart_Torso_Right_Leg = Instance.new("Pose")
Right_Leg_k10_HumanoidRootPart_Torso_Right_Leg.Name = "Right Leg"
Right_Leg_k10_HumanoidRootPart_Torso_Right_Leg.CFrame = cf(0.000000, -0.000000, -0.000000, 1.000000, 0.000000, 0.000000, 0.000000, 0.950123, 0.311877, 0.000000, -0.311877, 0.950123)
Right_Leg_k10_HumanoidRootPart_Torso_Right_Leg.Parent = Torso_k10_HumanoidRootPart_Torso



--Left Arm
Left_Arm_k10_HumanoidRootPart_Torso_Left_Arm = Instance.new("Pose")
Left_Arm_k10_HumanoidRootPart_Torso_Left_Arm.Name = "Left Arm"
Left_Arm_k10_HumanoidRootPart_Torso_Left_Arm.CFrame = cf(0.000000, -0.201762, 0.740354, 1.000000, 0.000000, 0.000000, 0.000000, -0.960271, 0.279068, 0.000000, -0.279068, -0.960271)
Left_Arm_k10_HumanoidRootPart_Torso_Left_Arm.Parent = Torso_k10_HumanoidRootPart_Torso



-- Keyframe 11 (Time: 0.3499999940395355)
 keyframe11 = Instance.new("Keyframe")
keyframe11.Time = 0.3499999940395355
keyframe11.Parent = KeyframeSequence

--HumanoidRootPart
HumanoidRootPart_k11_HumanoidRootPart = Instance.new("Pose")
HumanoidRootPart_k11_HumanoidRootPart.Name = "HumanoidRootPart"
HumanoidRootPart_k11_HumanoidRootPart.CFrame = cf(0.000000, 0.000000, 0.000000, 1.000000, 0.000000, 0.000000, 0.000000, 1.000000, 0.000000, 0.000000, 0.000000, 1.000000)
HumanoidRootPart_k11_HumanoidRootPart.Parent = keyframe11



--Torso
Torso_k11_HumanoidRootPart_Torso = Instance.new("Pose")
Torso_k11_HumanoidRootPart_Torso.Name = "Torso"
Torso_k11_HumanoidRootPart_Torso.CFrame = cf(3.399837, -0.690633, 0.283489, -0.957042, -0.289948, 0.000000, 0.289948, -0.957042, 0.000000, 0.000000, 0.000000, 1.000000)
Torso_k11_HumanoidRootPart_Torso.Parent = HumanoidRootPart_k11_HumanoidRootPart



--Head
Head_k11_HumanoidRootPart_Torso_Head = Instance.new("Pose")
Head_k11_HumanoidRootPart_Torso_Head.Name = "Head"
Head_k11_HumanoidRootPart_Torso_Head.CFrame = cf(0.000000, 0.000000, -0.000000, 0.962114, 0.050555, -0.267918, -0.010069, 0.988576, 0.150384, 0.272460, -0.141989, 0.951633)
Head_k11_HumanoidRootPart_Torso_Head.Parent = Torso_k11_HumanoidRootPart_Torso



--Left Leg
Left_Leg_k11_HumanoidRootPart_Torso_Left_Leg = Instance.new("Pose")
Left_Leg_k11_HumanoidRootPart_Torso_Left_Leg.Name = "Left Leg"
Left_Leg_k11_HumanoidRootPart_Torso_Left_Leg.CFrame = cf(0.000000, 0.000000, 0.000000, 1.000000, 0.000000, 0.000000, 0.000000, 0.980968, 0.194170, 0.000000, -0.194170, 0.980968)
Left_Leg_k11_HumanoidRootPart_Torso_Left_Leg.Parent = Torso_k11_HumanoidRootPart_Torso



--Right Arm
Right_Arm_k11_HumanoidRootPart_Torso_Right_Arm = Instance.new("Pose")
Right_Arm_k11_HumanoidRootPart_Torso_Right_Arm.Name = "Right Arm"
Right_Arm_k11_HumanoidRootPart_Torso_Right_Arm.CFrame = cf(0.000000, -0.000000, -0.000000, 1.000000, 0.000000, 0.000000, 0.000000, 0.829449, 0.558582, 0.000000, -0.558582, 0.829449)
Right_Arm_k11_HumanoidRootPart_Torso_Right_Arm.Parent = Torso_k11_HumanoidRootPart_Torso



--Right Leg
Right_Leg_k11_HumanoidRootPart_Torso_Right_Leg = Instance.new("Pose")
Right_Leg_k11_HumanoidRootPart_Torso_Right_Leg.Name = "Right Leg"
Right_Leg_k11_HumanoidRootPart_Torso_Right_Leg.CFrame = cf(0.000000, -0.000000, -0.000000, 1.000000, 0.000000, 0.000000, 0.000000, 0.950123, 0.311877, 0.000000, -0.311877, 0.950123)
Right_Leg_k11_HumanoidRootPart_Torso_Right_Leg.Parent = Torso_k11_HumanoidRootPart_Torso



--Left Arm
Left_Arm_k11_HumanoidRootPart_Torso_Left_Arm = Instance.new("Pose")
Left_Arm_k11_HumanoidRootPart_Torso_Left_Arm.Name = "Left Arm"
Left_Arm_k11_HumanoidRootPart_Torso_Left_Arm.CFrame = cf(0.000000, -0.201762, 0.740354, 1.000000, 0.000000, 0.000000, 0.000000, -0.960271, 0.279068, 0.000000, -0.279068, -0.960271)
Left_Arm_k11_HumanoidRootPart_Torso_Left_Arm.Parent = Torso_k11_HumanoidRootPart_Torso



-- Keyframe 12 (Time: 0.44999998807907104)
 keyframe12 = Instance.new("Keyframe")
keyframe12.Time = 0.44999998807907104
keyframe12.Parent = KeyframeSequence

--HumanoidRootPart
HumanoidRootPart_k12_HumanoidRootPart = Instance.new("Pose")
HumanoidRootPart_k12_HumanoidRootPart.Name = "HumanoidRootPart"
HumanoidRootPart_k12_HumanoidRootPart.CFrame = cf(0.000000, 0.000000, 0.000000, 1.000000, 0.000000, 0.000000, 0.000000, 1.000000, 0.000000, 0.000000, 0.000000, 1.000000)
HumanoidRootPart_k12_HumanoidRootPart.Parent = keyframe12



--Torso
Torso_k12_HumanoidRootPart_Torso = Instance.new("Pose")
Torso_k12_HumanoidRootPart_Torso.Name = "Torso"
Torso_k12_HumanoidRootPart_Torso.CFrame = cf(4.287433, -0.959541, -0.120247, -0.992891, -0.012433, 0.118374, 0.043157, -0.964457, 0.260692, 0.110925, 0.263948, 0.958137)
Torso_k12_HumanoidRootPart_Torso.Parent = HumanoidRootPart_k12_HumanoidRootPart



--Head
Head_k12_HumanoidRootPart_Torso_Head = Instance.new("Pose")
Head_k12_HumanoidRootPart_Torso_Head.Name = "Head"
Head_k12_HumanoidRootPart_Torso_Head.CFrame = cf(0.000000, 0.000000, 0.000000, 1.000000, 0.000000, 0.000000, 0.000000, 0.894844, -0.446378, 0.000000, 0.446378, 0.894844)
Head_k12_HumanoidRootPart_Torso_Head.Parent = Torso_k12_HumanoidRootPart_Torso



--Left Leg
Left_Leg_k12_HumanoidRootPart_Torso_Left_Leg = Instance.new("Pose")
Left_Leg_k12_HumanoidRootPart_Torso_Left_Leg.Name = "Left Leg"
Left_Leg_k12_HumanoidRootPart_Torso_Left_Leg.CFrame = cf(0.000000, 0.000000, 0.000000, 0.803269, 0.176895, 0.568742, -0.211395, 0.977386, -0.005429, -0.556841, -0.115868, 0.822498)
Left_Leg_k12_HumanoidRootPart_Torso_Left_Leg.Parent = Torso_k12_HumanoidRootPart_Torso



--Right Arm
Right_Arm_k12_HumanoidRootPart_Torso_Right_Arm = Instance.new("Pose")
Right_Arm_k12_HumanoidRootPart_Torso_Right_Arm.Name = "Right Arm"
Right_Arm_k12_HumanoidRootPart_Torso_Right_Arm.CFrame = cf(0.000000, 0.000000, -0.000000, 0.533549, -0.845769, 0.000000, 0.845127, 0.533143, 0.038964, -0.032954, -0.020789, 0.999241)
Right_Arm_k12_HumanoidRootPart_Torso_Right_Arm.Parent = Torso_k12_HumanoidRootPart_Torso



--Right Leg
Right_Leg_k12_HumanoidRootPart_Torso_Right_Leg = Instance.new("Pose")
Right_Leg_k12_HumanoidRootPart_Torso_Right_Leg.Name = "Right Leg"
Right_Leg_k12_HumanoidRootPart_Torso_Right_Leg.CFrame = cf(0.000000, -0.000000, -0.000000, 0.791694, -0.131938, -0.596501, 0.208445, 0.976146, 0.060743, 0.574258, -0.172427, 0.800310)
Right_Leg_k12_HumanoidRootPart_Torso_Right_Leg.Parent = Torso_k12_HumanoidRootPart_Torso



--Left Arm
Left_Arm_k12_HumanoidRootPart_Torso_Left_Arm = Instance.new("Pose")
Left_Arm_k12_HumanoidRootPart_Torso_Left_Arm.Name = "Left Arm"
Left_Arm_k12_HumanoidRootPart_Torso_Left_Arm.CFrame = cf(0.000000, -0.190399, 0.111481, 0.569213, 0.822190, 0.000000, -0.822056, 0.569120, -0.018066, -0.014853, 0.010283, 0.999837)
Left_Arm_k12_HumanoidRootPart_Torso_Left_Arm.Parent = Torso_k12_HumanoidRootPart_Torso



-- Keyframe 13 (Time: 0.5166666507720947)
 keyframe13 = Instance.new("Keyframe")
keyframe13.Time = 0.5166666507720947
keyframe13.Parent = KeyframeSequence

--HumanoidRootPart
HumanoidRootPart_k13_HumanoidRootPart = Instance.new("Pose")
HumanoidRootPart_k13_HumanoidRootPart.Name = "HumanoidRootPart"
HumanoidRootPart_k13_HumanoidRootPart.CFrame = cf(0.000000, 0.000000, 0.000000, 1.000000, 0.000000, 0.000000, 0.000000, 1.000000, 0.000000, 0.000000, 0.000000, 1.000000)
HumanoidRootPart_k13_HumanoidRootPart.Parent = keyframe13



--Torso
Torso_k13_HumanoidRootPart_Torso = Instance.new("Pose")
Torso_k13_HumanoidRootPart_Torso.Name = "Torso"
Torso_k13_HumanoidRootPart_Torso.CFrame = cf(4.806992, -0.668394, 0.172483, -0.981549, 0.020498, 0.190107, -0.026889, -0.999155, -0.031101, 0.189308, -0.035639, 0.981271)
Torso_k13_HumanoidRootPart_Torso.Parent = HumanoidRootPart_k13_HumanoidRootPart



--Head
Head_k13_HumanoidRootPart_Torso_Head = Instance.new("Pose")
Head_k13_HumanoidRootPart_Torso_Head.Name = "Head"
Head_k13_HumanoidRootPart_Torso_Head.CFrame = cf(0.000000, 0.000000, 0.000000, 1.000000, 0.000000, 0.000000, 0.000000, 0.999751, -0.022325, 0.000000, 0.022325, 0.999751)
Head_k13_HumanoidRootPart_Torso_Head.Parent = Torso_k13_HumanoidRootPart_Torso



--Left Leg
Left_Leg_k13_HumanoidRootPart_Torso_Left_Leg = Instance.new("Pose")
Left_Leg_k13_HumanoidRootPart_Torso_Left_Leg.Name = "Left Leg"
Left_Leg_k13_HumanoidRootPart_Torso_Left_Leg.CFrame = cf(-0.000000, 0.000000, -0.000000, 0.737610, 0.157215, 0.656670, -0.439115, 0.850467, 0.289628, -0.512942, -0.501986, 0.696348)
Left_Leg_k13_HumanoidRootPart_Torso_Left_Leg.Parent = Torso_k13_HumanoidRootPart_Torso



--Right Arm
Right_Arm_k13_HumanoidRootPart_Torso_Right_Arm = Instance.new("Pose")
Right_Arm_k13_HumanoidRootPart_Torso_Right_Arm.Name = "Right Arm"
Right_Arm_k13_HumanoidRootPart_Torso_Right_Arm.CFrame = cf(0.491736, -0.296956, 0.345923, 0.533549, -0.045805, -0.844528, 0.845127, -0.010033, 0.534471, -0.032954, -0.998900, 0.033358)
Right_Arm_k13_HumanoidRootPart_Torso_Right_Arm.Parent = Torso_k13_HumanoidRootPart_Torso



--Right Leg
Right_Leg_k13_HumanoidRootPart_Torso_Right_Leg = Instance.new("Pose")
Right_Leg_k13_HumanoidRootPart_Torso_Right_Leg.Name = "Right Leg"
Right_Leg_k13_HumanoidRootPart_Torso_Right_Leg.CFrame = cf(0.000000, -0.000001, 0.000000, 0.658654, -0.188193, -0.728532, 0.606857, 0.705288, 0.366461, 0.444859, -0.683486, 0.578747)
Right_Leg_k13_HumanoidRootPart_Torso_Right_Leg.Parent = Torso_k13_HumanoidRootPart_Torso



--Left Arm
Left_Arm_k13_HumanoidRootPart_Torso_Left_Arm = Instance.new("Pose")
Left_Arm_k13_HumanoidRootPart_Torso_Left_Arm.Name = "Left Arm"
Left_Arm_k13_HumanoidRootPart_Torso_Left_Arm.CFrame = cf(-0.000000, -0.190399, 0.111481, 0.569213, 0.149549, 0.808475, -0.822056, 0.121282, 0.556340, -0.014853, -0.981288, 0.191973)
Left_Arm_k13_HumanoidRootPart_Torso_Left_Arm.Parent = Torso_k13_HumanoidRootPart_Torso



-- Keyframe 14 (Time: 0.6000000238418579)
 keyframe14 = Instance.new("Keyframe")
keyframe14.Time = 0.6000000238418579
keyframe14.Parent = KeyframeSequence

--HumanoidRootPart
HumanoidRootPart_k14_HumanoidRootPart = Instance.new("Pose")
HumanoidRootPart_k14_HumanoidRootPart.Name = "HumanoidRootPart"
HumanoidRootPart_k14_HumanoidRootPart.CFrame = cf(0.000000, 0.000000, 0.000000, 1.000000, 0.000000, 0.000000, 0.000000, 1.000000, 0.000000, 0.000000, 0.000000, 1.000000)
HumanoidRootPart_k14_HumanoidRootPart.Parent = keyframe14



--Torso
Torso_k14_HumanoidRootPart_Torso = Instance.new("Pose")
Torso_k14_HumanoidRootPart_Torso.Name = "Torso"
Torso_k14_HumanoidRootPart_Torso.CFrame = cf(5.663177, -0.688255, 0.946509, -0.945752, 0.299067, 0.126933, -0.307419, -0.950161, -0.051845, 0.105102, -0.088055, 0.990555)
Torso_k14_HumanoidRootPart_Torso.Parent = HumanoidRootPart_k14_HumanoidRootPart



--Left Leg
Left_Leg_k14_HumanoidRootPart_Torso_Left_Leg = Instance.new("Pose")
Left_Leg_k14_HumanoidRootPart_Torso_Left_Leg.Name = "Left Leg"
Left_Leg_k14_HumanoidRootPart_Torso_Left_Leg.CFrame = cf(-0.000000, -0.000000, 0.000000, 0.611318, 0.441673, 0.656670, -0.745140, 0.600734, 0.289628, -0.266563, -0.666366, 0.696348)
Left_Leg_k14_HumanoidRootPart_Torso_Left_Leg.Parent = Torso_k14_HumanoidRootPart_Torso



--Right Arm
Right_Arm_k14_HumanoidRootPart_Torso_Right_Arm = Instance.new("Pose")
Right_Arm_k14_HumanoidRootPart_Torso_Right_Arm.Name = "Right Arm"
Right_Arm_k14_HumanoidRootPart_Torso_Right_Arm.CFrame = cf(0.491736, -0.296956, 0.345923, 0.487958, -0.220611, -0.844528, 0.793702, -0.290478, 0.534471, -0.363227, -0.931103, 0.033358)
Right_Arm_k14_HumanoidRootPart_Torso_Right_Arm.Parent = Torso_k14_HumanoidRootPart_Torso



--Right Leg
Right_Leg_k14_HumanoidRootPart_Torso_Right_Leg = Instance.new("Pose")
Right_Leg_k14_HumanoidRootPart_Torso_Right_Leg.Name = "Right Leg"
Right_Leg_k14_HumanoidRootPart_Torso_Right_Leg.CFrame = cf(0.000000, -0.000001, 0.000000, 0.550332, -0.407892, -0.728532, 0.816197, 0.446687, 0.366461, 0.175949, -0.796301, 0.578747)
Right_Leg_k14_HumanoidRootPart_Torso_Right_Leg.Parent = Torso_k14_HumanoidRootPart_Torso



--Left Arm
Left_Arm_k14_HumanoidRootPart_Torso_Left_Arm = Instance.new("Pose")
Left_Arm_k14_HumanoidRootPart_Torso_Left_Arm.Name = "Left Arm"
Left_Arm_k14_HumanoidRootPart_Torso_Left_Arm.CFrame = cf(0.000000, -0.190399, 0.111481, 0.426955, 0.405065, 0.808475, -0.778941, -0.289372, 0.556340, 0.459304, -0.867287, 0.191973)
Left_Arm_k14_HumanoidRootPart_Torso_Left_Arm.Parent = Torso_k14_HumanoidRootPart_Torso



-- Keyframe 15 (Time: 0.6499999761581421)
 keyframe15 = Instance.new("Keyframe")
keyframe15.Time = 0.6499999761581421
keyframe15.Parent = KeyframeSequence

--HumanoidRootPart
HumanoidRootPart_k15_HumanoidRootPart = Instance.new("Pose")
HumanoidRootPart_k15_HumanoidRootPart.Name = "HumanoidRootPart"
HumanoidRootPart_k15_HumanoidRootPart.CFrame = cf(0.000000, 0.000000, 0.000000, 1.000000, 0.000000, 0.000000, 0.000000, 1.000000, 0.000000, 0.000000, 0.000000, 1.000000)
HumanoidRootPart_k15_HumanoidRootPart.Parent = keyframe15



--Torso
Torso_k15_HumanoidRootPart_Torso = Instance.new("Pose")
Torso_k15_HumanoidRootPart_Torso.Name = "Torso"
Torso_k15_HumanoidRootPart_Torso.CFrame = cf(6.244606, -0.850700, 1.953701, -0.751544, 0.659660, 0.005558, -0.657338, -0.748137, -0.090542, -0.055569, -0.071700, 0.995877)
Torso_k15_HumanoidRootPart_Torso.Parent = HumanoidRootPart_k15_HumanoidRootPart



-- Keyframe 16 (Time: 0.6833333373069763)
 keyframe16 = Instance.new("Keyframe")
keyframe16.Time = 0.6833333373069763
keyframe16.Parent = KeyframeSequence

--HumanoidRootPart
HumanoidRootPart_k16_HumanoidRootPart = Instance.new("Pose")
HumanoidRootPart_k16_HumanoidRootPart.Name = "HumanoidRootPart"
HumanoidRootPart_k16_HumanoidRootPart.CFrame = cf(0.000000, 0.000000, 0.000000, 1.000000, 0.000000, 0.000000, 0.000000, 1.000000, 0.000000, 0.000000, 0.000000, 1.000000)
HumanoidRootPart_k16_HumanoidRootPart.Parent = keyframe16



--Torso
Torso_k16_HumanoidRootPart_Torso = Instance.new("Pose")
Torso_k16_HumanoidRootPart_Torso.Name = "Torso"
Torso_k16_HumanoidRootPart_Torso.CFrame = cf(6.244606, -0.850700, 1.953701, -0.751544, 0.659660, 0.005558, -0.657338, -0.748137, -0.090542, -0.055569, -0.071700, 0.995877)
Torso_k16_HumanoidRootPart_Torso.Parent = HumanoidRootPart_k16_HumanoidRootPart



--Left Leg
Left_Leg_k16_HumanoidRootPart_Torso_Left_Leg = Instance.new("Pose")
Left_Leg_k16_HumanoidRootPart_Torso_Left_Leg.Name = "Left Leg"
Left_Leg_k16_HumanoidRootPart_Torso_Left_Leg.CFrame = cf(-0.000000, -0.000000, 0.000000, 0.611318, 0.441673, 0.656670, -0.745140, 0.600734, 0.289628, -0.266563, -0.666366, 0.696348)
Left_Leg_k16_HumanoidRootPart_Torso_Left_Leg.Parent = Torso_k16_HumanoidRootPart_Torso



--Right Arm
Right_Arm_k16_HumanoidRootPart_Torso_Right_Arm = Instance.new("Pose")
Right_Arm_k16_HumanoidRootPart_Torso_Right_Arm.Name = "Right Arm"
Right_Arm_k16_HumanoidRootPart_Torso_Right_Arm.CFrame = cf(0.491736, -0.296956, 0.345923, 0.487958, -0.220611, -0.844528, 0.793702, -0.290478, 0.534471, -0.363227, -0.931103, 0.033358)
Right_Arm_k16_HumanoidRootPart_Torso_Right_Arm.Parent = Torso_k16_HumanoidRootPart_Torso



--Right Leg
Right_Leg_k16_HumanoidRootPart_Torso_Right_Leg = Instance.new("Pose")
Right_Leg_k16_HumanoidRootPart_Torso_Right_Leg.Name = "Right Leg"
Right_Leg_k16_HumanoidRootPart_Torso_Right_Leg.CFrame = cf(0.000000, -0.000001, 0.000000, 0.550332, -0.407892, -0.728532, 0.816197, 0.446687, 0.366461, 0.175949, -0.796301, 0.578747)
Right_Leg_k16_HumanoidRootPart_Torso_Right_Leg.Parent = Torso_k16_HumanoidRootPart_Torso



--Left Arm
Left_Arm_k16_HumanoidRootPart_Torso_Left_Arm = Instance.new("Pose")
Left_Arm_k16_HumanoidRootPart_Torso_Left_Arm.Name = "Left Arm"
Left_Arm_k16_HumanoidRootPart_Torso_Left_Arm.CFrame = cf(0.000000, -0.190399, 0.111481, 0.426955, 0.405065, 0.808475, -0.778941, -0.289372, 0.556340, 0.459304, -0.867287, 0.191973)
Left_Arm_k16_HumanoidRootPart_Torso_Left_Arm.Parent = Torso_k16_HumanoidRootPart_Torso



-- Keyframe 17 (Time: 0.699999988079071)
 keyframe17 = Instance.new("Keyframe")
keyframe17.Time = 0.699999988079071
keyframe17.Parent = KeyframeSequence

--HumanoidRootPart
HumanoidRootPart_k17_HumanoidRootPart = Instance.new("Pose")
HumanoidRootPart_k17_HumanoidRootPart.Name = "HumanoidRootPart"
HumanoidRootPart_k17_HumanoidRootPart.CFrame = cf(0.000000, 0.000000, 0.000000, 1.000000, 0.000000, 0.000000, 0.000000, 1.000000, 0.000000, 0.000000, 0.000000, 1.000000)
HumanoidRootPart_k17_HumanoidRootPart.Parent = keyframe17



--Torso
Torso_k17_HumanoidRootPart_Torso = Instance.new("Pose")
Torso_k17_HumanoidRootPart_Torso.Name = "Torso"
Torso_k17_HumanoidRootPart_Torso.CFrame = cf(6.723455, -1.267664, 1.913121, -0.610615, 0.791908, 0.005558, -0.788975, -0.607718, -0.090542, -0.068324, -0.059671, 0.995877)
Torso_k17_HumanoidRootPart_Torso.Parent = HumanoidRootPart_k17_HumanoidRootPart



-- Keyframe 18 (Time: 0.75)
 keyframe18 = Instance.new("Keyframe")
keyframe18.Time = 0.75
keyframe18.Parent = KeyframeSequence

--HumanoidRootPart
HumanoidRootPart_k18_HumanoidRootPart = Instance.new("Pose")
HumanoidRootPart_k18_HumanoidRootPart.Name = "HumanoidRootPart"
HumanoidRootPart_k18_HumanoidRootPart.CFrame = cf(0.000000, 0.000000, 0.000000, 1.000000, 0.000000, 0.000000, 0.000000, 1.000000, 0.000000, 0.000000, 0.000000, 1.000000)
HumanoidRootPart_k18_HumanoidRootPart.Parent = keyframe18



--Torso
Torso_k18_HumanoidRootPart_Torso = Instance.new("Pose")
Torso_k18_HumanoidRootPart_Torso.Name = "Torso"
Torso_k18_HumanoidRootPart_Torso.CFrame = cf(6.889844, -1.355319, 1.826957, -0.495230, 0.868744, 0.005558, -0.865438, -0.492767, -0.090542, -0.075919, -0.049649, 0.995877)
Torso_k18_HumanoidRootPart_Torso.Parent = HumanoidRootPart_k18_HumanoidRootPart



-- Keyframe 19 (Time: 0.7666666507720947)
 keyframe19 = Instance.new("Keyframe")
keyframe19.Time = 0.7666666507720947
keyframe19.Parent = KeyframeSequence

--HumanoidRootPart
HumanoidRootPart_k19_HumanoidRootPart = Instance.new("Pose")
HumanoidRootPart_k19_HumanoidRootPart.Name = "HumanoidRootPart"
HumanoidRootPart_k19_HumanoidRootPart.CFrame = cf(0.000000, 0.000000, 0.000000, 1.000000, 0.000000, 0.000000, 0.000000, 1.000000, 0.000000, 0.000000, 0.000000, 1.000000)
HumanoidRootPart_k19_HumanoidRootPart.Parent = keyframe19



--Torso
Torso_k19_HumanoidRootPart_Torso = Instance.new("Pose")
Torso_k19_HumanoidRootPart_Torso.Name = "Torso"
Torso_k19_HumanoidRootPart_Torso.CFrame = cf(6.723456, -1.267666, 1.913121, -0.354924, 0.934879, 0.005558, -0.931232, -0.353001, -0.090542, -0.082684, -0.037311, 0.995877)
Torso_k19_HumanoidRootPart_Torso.Parent = HumanoidRootPart_k19_HumanoidRootPart



-- Keyframe 20 (Time: 0.7833333611488342)
 keyframe20 = Instance.new("Keyframe")
keyframe20.Time = 0.7833333611488342
keyframe20.Parent = KeyframeSequence

--HumanoidRootPart
HumanoidRootPart_k20_HumanoidRootPart = Instance.new("Pose")
HumanoidRootPart_k20_HumanoidRootPart.Name = "HumanoidRootPart"
HumanoidRootPart_k20_HumanoidRootPart.CFrame = cf(0.000000, 0.000000, 0.000000, 1.000000, 0.000000, 0.000000, 0.000000, 1.000000, 0.000000, 0.000000, 0.000000, 1.000000)
HumanoidRootPart_k20_HumanoidRootPart.Parent = keyframe20



--Torso
Torso_k20_HumanoidRootPart_Torso = Instance.new("Pose")
Torso_k20_HumanoidRootPart_Torso.Name = "Torso"
Torso_k20_HumanoidRootPart_Torso.CFrame = cf(6.723456, -1.267666, 1.913121, -0.354924, 0.934879, 0.005558, -0.931232, -0.353001, -0.090542, -0.082684, -0.037311, 0.995877)
Torso_k20_HumanoidRootPart_Torso.Parent = HumanoidRootPart_k20_HumanoidRootPart



--Left Leg
Left_Leg_k20_HumanoidRootPart_Torso_Left_Leg = Instance.new("Pose")
Left_Leg_k20_HumanoidRootPart_Torso_Left_Leg.Name = "Left Leg"
Left_Leg_k20_HumanoidRootPart_Torso_Left_Leg.CFrame = cf(0.000000, -0.000000, -0.000000, 0.611318, 0.337141, 0.715979, -0.745140, 0.549949, 0.377256, -0.266563, -0.764128, 0.587411)
Left_Leg_k20_HumanoidRootPart_Torso_Left_Leg.Parent = Torso_k20_HumanoidRootPart_Torso



--Right Arm
Right_Arm_k20_HumanoidRootPart_Torso_Right_Arm = Instance.new("Pose")
Right_Arm_k20_HumanoidRootPart_Torso_Right_Arm.Name = "Right Arm"
Right_Arm_k20_HumanoidRootPart_Torso_Right_Arm.CFrame = cf(0.491736, -0.296956, 0.345923, 0.504603, -0.179298, -0.844528, 0.815096, -0.223515, 0.534471, -0.284594, -0.958067, 0.033358)
Right_Arm_k20_HumanoidRootPart_Torso_Right_Arm.Parent = Torso_k20_HumanoidRootPart_Torso



--Right Leg
Right_Leg_k20_HumanoidRootPart_Torso_Right_Leg = Instance.new("Pose")
Right_Leg_k20_HumanoidRootPart_Torso_Right_Leg.Name = "Right Leg"
Right_Leg_k20_HumanoidRootPart_Torso_Right_Leg.CFrame = cf(0.000000, -0.000001, 0.000000, 0.641097, -0.241321, -0.728532, 0.662394, 0.653407, 0.366461, 0.387593, -0.717513, 0.578747)
Right_Leg_k20_HumanoidRootPart_Torso_Right_Leg.Parent = Torso_k20_HumanoidRootPart_Torso



--Left Arm
Left_Arm_k20_HumanoidRootPart_Torso_Left_Arm = Instance.new("Pose")
Left_Arm_k20_HumanoidRootPart_Torso_Left_Arm.Name = "Left Arm"
Left_Arm_k20_HumanoidRootPart_Torso_Left_Arm.CFrame = cf(-0.000000, -0.190399, 0.111481, 0.515035, 0.284793, 0.808475, -0.826660, -0.084371, 0.556340, 0.226654, -0.954869, 0.191973)
Left_Arm_k20_HumanoidRootPart_Torso_Left_Arm.Parent = Torso_k20_HumanoidRootPart_Torso



-- Keyframe 21 (Time: 0.800000011920929)
 keyframe21 = Instance.new("Keyframe")
keyframe21.Time = 0.800000011920929
keyframe21.Parent = KeyframeSequence

--HumanoidRootPart
HumanoidRootPart_k21_HumanoidRootPart = Instance.new("Pose")
HumanoidRootPart_k21_HumanoidRootPart.Name = "HumanoidRootPart"
HumanoidRootPart_k21_HumanoidRootPart.CFrame = cf(0.000000, 0.000000, 0.000000, 1.000000, 0.000000, 0.000000, 0.000000, 1.000000, 0.000000, 0.000000, 0.000000, 1.000000)
HumanoidRootPart_k21_HumanoidRootPart.Parent = keyframe21



--Torso
Torso_k21_HumanoidRootPart_Torso = Instance.new("Pose")
Torso_k21_HumanoidRootPart_Torso.Name = "Torso"
