-- KeyframeSequence Export: wait which dandelion again
-- Generated on 2026-03-14 13:36:21

local KeyframeSequence = Instance.new("KeyframeSequence")
KeyframeSequence.Name = "wait which dandelion again"
local cf=CFrame.new

-- Keyframe 1 (Time: 0)
 keyframe1 = Instance.new("Keyframe")
keyframe1.Time = 0
keyframe1.Parent = KeyframeSequence

--HumanoidRootPart
  HumanoidRootPart_k1_HumanoidRootPart = Instance.new("Pose")
HumanoidRootPart_k1_HumanoidRootPart.Name = "HumanoidRootPart"
HumanoidRootPart_k1_HumanoidRootPart.CFrame = cf(0.000000, 0.000000, 0.000000, 1.000000, 0.000000, 0.000000, 0.000000, 1.000000, 0.000000, 0.000000, 0.000000, 1.000000)
HumanoidRootPart_k1_HumanoidRootPart.Parent = keyframe1



--Torso
  Torso_k1_HumanoidRootPart_Torso = Instance.new("Pose")
Torso_k1_HumanoidRootPart_Torso.Name = "Torso"
Torso_k1_HumanoidRootPart_Torso.CFrame = cf(0.090590, -0.029551, -0.000000, 0.999160, 0.000166, 0.040983, 0.003959, 0.994924, -0.100553, -0.040791, 0.100631, 0.994087)
Torso_k1_HumanoidRootPart_Torso.Parent = HumanoidRootPart_k1_HumanoidRootPart



--Head
  Head_k1_HumanoidRootPart_Torso_Head = Instance.new("Pose")
Head_k1_HumanoidRootPart_Torso_Head.Name = "Head"
Head_k1_HumanoidRootPart_Torso_Head.CFrame = cf(0.000314, -0.049249, 0.011108, 0.999069, 0.002665, 0.043068, -0.009522, 0.987106, 0.159786, -0.042087, -0.160047, 0.986212)
Head_k1_HumanoidRootPart_Torso_Head.Parent = Torso_k1_HumanoidRootPart_Torso



--Left Leg
  Left_Leg_k1_HumanoidRootPart_Torso_Left_Leg = Instance.new("Pose")
Left_Leg_k1_HumanoidRootPart_Torso_Left_Leg.Name = "Left Leg"
Left_Leg_k1_HumanoidRootPart_Torso_Left_Leg.CFrame = cf(0.000000, 0.000000, 0.000000, 1.000000, 0.000000, 0.000000, 0.000000, 1.000000, 0.000000, 0.000000, 0.000000, 1.000000)
Left_Leg_k1_HumanoidRootPart_Torso_Left_Leg.Parent = Torso_k1_HumanoidRootPart_Torso



--Left Arm
  Left_Arm_k1_HumanoidRootPart_Torso_Left_Arm = Instance.new("Pose")
Left_Arm_k1_HumanoidRootPart_Torso_Left_Arm.Name = "Left Arm"
Left_Arm_k1_HumanoidRootPart_Torso_Left_Arm.CFrame = cf(-0.029446, -0.657905, 0.024139, -0.190708, 0.845126, -0.499393, -0.981150, -0.180282, 0.069587, -0.031222, 0.503250, 0.863576)
Left_Arm_k1_HumanoidRootPart_Torso_Left_Arm.Parent = Torso_k1_HumanoidRootPart_Torso



--Dandelion1
  Dandelion1_k1_HumanoidRootPart_Torso_Left_Arm_Dandelion1 = Instance.new("Pose")
Dandelion1_k1_HumanoidRootPart_Torso_Left_Arm_Dandelion1.Name = "Dandelion1"
Dandelion1_k1_HumanoidRootPart_Torso_Left_Arm_Dandelion1.CFrame = cf(0.047032, 0.005284, 0.081866, 0.993908, 0.109474, -0.012713, -0.109721, 0.972052, -0.207550, -0.010363, 0.207681, 0.978142)
Dandelion1_k1_HumanoidRootPart_Torso_Left_Arm_Dandelion1.Parent = Left_Arm_k1_HumanoidRootPart_Torso_Left_Arm



--Right Arm
  Right_Arm_k1_HumanoidRootPart_Torso_Right_Arm = Instance.new("Pose")
Right_Arm_k1_HumanoidRootPart_Torso_Right_Arm.Name = "Right Arm"
Right_Arm_k1_HumanoidRootPart_Torso_Right_Arm.CFrame = cf(0.030313, -0.661577, 0.000001, -0.191687, -0.969326, 0.153828, 0.981344, -0.191668, 0.015099, 0.014848, 0.153852, 0.987982)
Right_Arm_k1_HumanoidRootPart_Torso_Right_Arm.Parent = Torso_k1_HumanoidRootPart_Torso



--Dandelion2
  Dandelion2_k1_HumanoidRootPart_Torso_Right_Arm_Dandelion2 = Instance.new("Pose")
Dandelion2_k1_HumanoidRootPart_Torso_Right_Arm_Dandelion2.Name = "Dandelion2"
Dandelion2_k1_HumanoidRootPart_Torso_Right_Arm_Dandelion2.CFrame = cf(-0.019805, 0.002892, 0.111453, 0.999250, -0.038124, -0.006781, 0.035607, 0.973477, -0.225997, 0.015217, 0.225586, 0.974104)
Dandelion2_k1_HumanoidRootPart_Torso_Right_Arm_Dandelion2.Parent = Right_Arm_k1_HumanoidRootPart_Torso_Right_Arm



--Right Leg
  Right_Leg_k1_HumanoidRootPart_Torso_Right_Leg = Instance.new("Pose")
Right_Leg_k1_HumanoidRootPart_Torso_Right_Leg.Name = "Right Leg"
Right_Leg_k1_HumanoidRootPart_Torso_Right_Leg.CFrame = cf(0.000000, 0.000000, 0.000000, 1.000000, 0.000000, 0.000000, 0.000000, 1.000000, 0.000000, 0.000000, 0.000000, 1.000000)
Right_Leg_k1_HumanoidRootPart_Torso_Right_Leg.Parent = Torso_k1_HumanoidRootPart_Torso



-- Keyframe 2 (Time: 0.03333333507180214)
 keyframe2 = Instance.new("Keyframe")
keyframe2.Time = 0.03333333507180214
keyframe2.Parent = KeyframeSequence

--HumanoidRootPart
  HumanoidRootPart_k2_HumanoidRootPart = Instance.new("Pose")
HumanoidRootPart_k2_HumanoidRootPart.Name = "HumanoidRootPart"
HumanoidRootPart_k2_HumanoidRootPart.CFrame = cf(0.000000, 0.000000, 0.000000, 1.000000, 0.000000, 0.000000, 0.000000, 1.000000, 0.000000, 0.000000, 0.000000, 1.000000)
HumanoidRootPart_k2_HumanoidRootPart.Parent = keyframe2



--Torso
  Torso_k2_HumanoidRootPart_Torso = Instance.new("Pose")
Torso_k2_HumanoidRootPart_Torso.Name = "Torso"
Torso_k2_HumanoidRootPart_Torso.CFrame = cf(0.181180, -0.059101, -0.000001, 0.996641, -0.000188, 0.081895, 0.007393, 0.996121, -0.087683, -0.081561, 0.087994, 0.992776)
Torso_k2_HumanoidRootPart_Torso.Parent = HumanoidRootPart_k2_HumanoidRootPart



--Head
  Head_k2_HumanoidRootPart_Torso_Head = Instance.new("Pose")
Head_k2_HumanoidRootPart_Torso_Head.Name = "Head"
Head_k2_HumanoidRootPart_Torso_Head.CFrame = cf(0.000785, -0.123123, 0.027771, 0.994186, 0.003961, 0.107602, -0.026379, 0.977830, 0.207733, -0.104393, -0.209364, 0.972249)
Head_k2_HumanoidRootPart_Torso_Head.Parent = Torso_k2_HumanoidRootPart_Torso



--Left Leg
  Left_Leg_k2_HumanoidRootPart_Torso_Left_Leg = Instance.new("Pose")
Left_Leg_k2_HumanoidRootPart_Torso_Left_Leg.Name = "Left Leg"
Left_Leg_k2_HumanoidRootPart_Torso_Left_Leg.CFrame = cf(0.000000, 0.000000, 0.000000, 1.000000, 0.000000, 0.000000, 0.000000, 1.000000, 0.000000, 0.000000, 0.000000, 1.000000)
Left_Leg_k2_HumanoidRootPart_Torso_Left_Leg.Parent = Torso_k2_HumanoidRootPart_Torso



--Left Arm
  Left_Arm_k2_HumanoidRootPart_Torso_Left_Arm = Instance.new("Pose")
Left_Arm_k2_HumanoidRootPart_Torso_Left_Arm.Name = "Left Arm"
Left_Arm_k2_HumanoidRootPart_Torso_Left_Arm.CFrame = cf(-0.028291, -0.653010, 0.056323, -0.218326, 0.825352, -0.520699, -0.973069, -0.224558, 0.052057, -0.073962, 0.518042, 0.852152)
Left_Arm_k2_HumanoidRootPart_Torso_Left_Arm.Parent = Torso_k2_HumanoidRootPart_Torso



--Dandelion1
  Dandelion1_k2_HumanoidRootPart_Torso_Left_Arm_Dandelion1 = Instance.new("Pose")
Dandelion1_k2_HumanoidRootPart_Torso_Left_Arm_Dandelion1.Name = "Dandelion1"
Dandelion1_k2_HumanoidRootPart_Torso_Left_Arm_Dandelion1.CFrame = cf(0.055444, 0.010567, 0.093809, 0.991507, 0.124629, -0.037163, -0.129962, 0.960156, -0.247408, 0.004848, 0.250137, 0.968198)
Dandelion1_k2_HumanoidRootPart_Torso_Left_Arm_Dandelion1.Parent = Left_Arm_k2_HumanoidRootPart_Torso_Left_Arm



--Right Arm
  Right_Arm_k2_HumanoidRootPart_Torso_Right_Arm = Instance.new("Pose")
Right_Arm_k2_HumanoidRootPart_Torso_Right_Arm.Name = "Right Arm"
Right_Arm_k2_HumanoidRootPart_Torso_Right_Arm.CFrame = cf(0.031109, -0.664954, 0.022199, -0.223982, -0.959661, 0.169948, 0.973398, -0.228915, -0.009751, 0.048261, 0.163243, 0.985405)
Right_Arm_k2_HumanoidRootPart_Torso_Right_Arm.Parent = Torso_k2_HumanoidRootPart_Torso



--Dandelion2
  Dandelion2_k2_HumanoidRootPart_Torso_Right_Arm_Dandelion2 = Instance.new("Pose")
Dandelion2_k2_HumanoidRootPart_Torso_Right_Arm_Dandelion2.Name = "Dandelion2"
Dandelion2_k2_HumanoidRootPart_Torso_Right_Arm_Dandelion2.CFrame = cf(-0.025207, 0.004359, 0.134710, 0.999196, -0.039962, 0.003323, 0.039554, 0.968564, -0.245600, 0.006596, 0.245534, 0.969366)
Dandelion2_k2_HumanoidRootPart_Torso_Right_Arm_Dandelion2.Parent = Right_Arm_k2_HumanoidRootPart_Torso_Right_Arm



--Right Leg
  Right_Leg_k2_HumanoidRootPart_Torso_Right_Leg = Instance.new("Pose")
Right_Leg_k2_HumanoidRootPart_Torso_Right_Leg.Name = "Right Leg"
Right_Leg_k2_HumanoidRootPart_Torso_Right_Leg.CFrame = cf(0.000000, 0.000000, 0.000000, 1.000000, 0.000000, 0.000000, 0.000000, 1.000000, 0.000000, 0.000000, 0.000000, 1.000000)
Right_Leg_k2_HumanoidRootPart_Torso_Right_Leg.Parent = Torso_k2_HumanoidRootPart_Torso



-- Keyframe 3 (Time: 0.0833333358168602)
 keyframe3 = Instance.new("Keyframe")
keyframe3.Time = 0.0833333358168602
keyframe3.Parent = KeyframeSequence

--HumanoidRootPart
  HumanoidRootPart_k3_HumanoidRootPart = Instance.new("Pose")
HumanoidRootPart_k3_HumanoidRootPart.Name = "HumanoidRootPart"
HumanoidRootPart_k3_HumanoidRootPart.CFrame = cf(0.000000, 0.000000, 0.000000, 1.000000, 0.000000, 0.000000, 0.000000, 1.000000, 0.000000, 0.000000, 0.000000, 1.000000)
HumanoidRootPart_k3_HumanoidRootPart.Parent = keyframe3



--Torso
  Torso_k3_HumanoidRootPart_Torso = Instance.new("Pose")
Torso_k3_HumanoidRootPart_Torso.Name = "Torso"
Torso_k3_HumanoidRootPart_Torso.CFrame = cf(0.270243, -0.059101, -0.000001, 0.995310, 0.000508, 0.096733, 0.013319, 0.989743, -0.142239, -0.095813, 0.142860, 0.985094)
Torso_k3_HumanoidRootPart_Torso.Parent = HumanoidRootPart_k3_HumanoidRootPart



--Head
  Head_k3_HumanoidRootPart_Torso_Head = Instance.new("Pose")
Head_k3_HumanoidRootPart_Torso_Head.Name = "Head"
Head_k3_HumanoidRootPart_Torso_Head.CFrame = cf(0.001562, -0.212373, 0.020323, 0.985454, -0.003455, 0.169905, 0.008575, 0.999532, -0.029411, -0.169724, 0.030440, 0.985023)
Head_k3_HumanoidRootPart_Torso_Head.Parent = Torso_k3_HumanoidRootPart_Torso



--Left Leg
  Left_Leg_k3_HumanoidRootPart_Torso_Left_Leg = Instance.new("Pose")
Left_Leg_k3_HumanoidRootPart_Torso_Left_Leg.Name = "Left Leg"
Left_Leg_k3_HumanoidRootPart_Torso_Left_Leg.CFrame = cf(0.000000, 0.000000, 0.000000, 1.000000, 0.000000, 0.000000, 0.000000, 1.000000, 0.000000, 0.000000, 0.000000, 1.000000)
Left_Leg_k3_HumanoidRootPart_Torso_Left_Leg.Parent = Torso_k3_HumanoidRootPart_Torso



--Left Arm
  Left_Arm_k3_HumanoidRootPart_Torso_Left_Arm = Instance.new("Pose")
Left_Arm_k3_HumanoidRootPart_Torso_Left_Arm.Name = "Left Arm"
Left_Arm_k3_HumanoidRootPart_Torso_Left_Arm.CFrame = cf(-0.027135, -0.648114, 0.088507, -0.244510, 0.803896, -0.542186, -0.962553, -0.268743, 0.035621, -0.117073, 0.530593, 0.839503)
Left_Arm_k3_HumanoidRootPart_Torso_Left_Arm.Parent = Torso_k3_HumanoidRootPart_Torso



--Dandelion1
  Dandelion1_k3_HumanoidRootPart_Torso_Left_Arm_Dandelion1 = Instance.new("Pose")
Dandelion1_k3_HumanoidRootPart_Torso_Left_Arm_Dandelion1.Name = "Dandelion1"
Dandelion1_k3_HumanoidRootPart_Torso_Left_Arm_Dandelion1.CFrame = cf(0.063857, 0.015851, 0.105753, 0.988385, 0.138659, -0.062196, -0.150758, 0.946204, -0.286303, 0.019152, 0.292354, 0.956118)
Dandelion1_k3_HumanoidRootPart_Torso_Left_Arm_Dandelion1.Parent = Left_Arm_k3_HumanoidRootPart_Torso_Left_Arm



--Right Arm
  Right_Arm_k3_HumanoidRootPart_Torso_Right_Arm = Instance.new("Pose")
Right_Arm_k3_HumanoidRootPart_Torso_Right_Arm.Name = "Right Arm"
Right_Arm_k3_HumanoidRootPart_Torso_Right_Arm.CFrame = cf(0.031906, -0.668331, 0.044397, -0.255424, -0.948604, 0.186841, 0.963352, -0.266083, -0.033952, 0.081922, 0.171321, 0.981803)
Right_Arm_k3_HumanoidRootPart_Torso_Right_Arm.Parent = Torso_k3_HumanoidRootPart_Torso



--Dandelion2
  Dandelion2_k3_HumanoidRootPart_Torso_Right_Arm_Dandelion2 = Instance.new("Pose")
Dandelion2_k3_HumanoidRootPart_Torso_Right_Arm_Dandelion2.Name = "Dandelion2"
Dandelion2_k3_HumanoidRootPart_Torso_Right_Arm_Dandelion2.CFrame = cf(-0.030609, 0.005825, 0.157967, 0.999044, -0.041592, 0.013463, 0.043673, 0.963242, -0.265062, -0.001944, 0.265396, 0.964137)
Dandelion2_k3_HumanoidRootPart_Torso_Right_Arm_Dandelion2.Parent = Right_Arm_k3_HumanoidRootPart_Torso_Right_Arm



--Right Leg
  Right_Leg_k3_HumanoidRootPart_Torso_Right_Leg = Instance.new("Pose")
Right_Leg_k3_HumanoidRootPart_Torso_Right_Leg.Name = "Right Leg"
Right_Leg_k3_HumanoidRootPart_Torso_Right_Leg.CFrame = cf(0.000000, 0.000000, 0.000000, 1.000000, 0.000000, 0.000000, 0.000000, 1.000000, 0.000000, 0.000000, 0.000000, 1.000000)
Right_Leg_k3_HumanoidRootPart_Torso_Right_Leg.Parent = Torso_k3_HumanoidRootPart_Torso



-- Keyframe 4 (Time: 0.13333334028720856)
 keyframe4 = Instance.new("Keyframe")
keyframe4.Time = 0.13333334028720856
keyframe4.Parent = KeyframeSequence

--HumanoidRootPart
  HumanoidRootPart_k4_HumanoidRootPart = Instance.new("Pose")
HumanoidRootPart_k4_HumanoidRootPart.Name = "HumanoidRootPart"
HumanoidRootPart_k4_HumanoidRootPart.CFrame = cf(0.000000, 0.000000, 0.000000, 1.000000, 0.000000, 0.000000, 0.000000, 1.000000, 0.000000, 0.000000, 0.000000, 1.000000)
HumanoidRootPart_k4_HumanoidRootPart.Parent = keyframe4



--Torso
  Torso_k4_HumanoidRootPart_Torso = Instance.new("Pose")
Torso_k4_HumanoidRootPart_Torso.Name = "Torso"
Torso_k4_HumanoidRootPart_Torso.CFrame = cf(0.610162, -0.506927, 0.000002, 0.988005, 0.035463, 0.150293, 0.021150, 0.933025, -0.359189, -0.152965, 0.358060, 0.921084)
Torso_k4_HumanoidRootPart_Torso.Parent = HumanoidRootPart_k4_HumanoidRootPart



--Head
  Head_k4_HumanoidRootPart_Torso_Head = Instance.new("Pose")
Head_k4_HumanoidRootPart_Torso_Head.Name = "Head"
Head_k4_HumanoidRootPart_Torso_Head.CFrame = cf(0.011379, -0.235383, -0.038856, 0.971738, 0.014412, 0.235623, 0.012608, 0.993541, -0.112769, -0.235727, 0.112552, 0.965280)
Head_k4_HumanoidRootPart_Torso_Head.Parent = Torso_k4_HumanoidRootPart_Torso



--Left Leg
  Left_Leg_k4_HumanoidRootPart_Torso_Left_Leg = Instance.new("Pose")
Left_Leg_k4_HumanoidRootPart_Torso_Left_Leg.Name = "Left Leg"
Left_Leg_k4_HumanoidRootPart_Torso_Left_Leg.CFrame = cf(0.000000, 0.000000, 0.000000, 1.000000, 0.000000, 0.000000, 0.000000, 1.000000, 0.000000, 0.000000, 0.000000, 1.000000)
Left_Leg_k4_HumanoidRootPart_Torso_Left_Leg.Parent = Torso_k4_HumanoidRootPart_Torso



--Left Arm
  Left_Arm_k4_HumanoidRootPart_Torso_Left_Arm = Instance.new("Pose")
Left_Arm_k4_HumanoidRootPart_Torso_Left_Arm.Name = "Left Arm"
Left_Arm_k4_HumanoidRootPart_Torso_Left_Arm.CFrame = cf(-0.026124, -0.643831, 0.116666, -0.163326, 0.814764, -0.556313, -0.974845, -0.219965, -0.035954, -0.151663, 0.536447, 0.830194)
Left_Arm_k4_HumanoidRootPart_Torso_Left_Arm.Parent = Torso_k4_HumanoidRootPart_Torso



--Dandelion1
  Dandelion1_k4_HumanoidRootPart_Torso_Left_Arm_Dandelion1 = Instance.new("Pose")
Dandelion1_k4_HumanoidRootPart_Torso_Left_Arm_Dandelion1.Name = "Dandelion1"
Dandelion1_k4_HumanoidRootPart_Torso_Left_Arm_Dandelion1.CFrame = cf(0.072269, 0.021134, 0.117696, 0.984550, 0.151528, -0.087749, -0.172057, 0.930233, -0.324133, 0.032512, 0.334223, 0.941933)
Dandelion1_k4_HumanoidRootPart_Torso_Left_Arm_Dandelion1.Parent = Left_Arm_k4_HumanoidRootPart_Torso_Left_Arm



--Right Arm
  Right_Arm_k4_HumanoidRootPart_Torso_Right_Arm = Instance.new("Pose")
Right_Arm_k4_HumanoidRootPart_Torso_Right_Arm.Name = "Right Arm"
Right_Arm_k4_HumanoidRootPart_Torso_Right_Arm.CFrame = cf(0.033499, -0.675087, 0.088796, -0.176574, -0.957348, 0.228704, 0.972929, -0.204957, -0.106778, 0.149098, 0.203659, 0.967622)
Right_Arm_k4_HumanoidRootPart_Torso_Right_Arm.Parent = Torso_k4_HumanoidRootPart_Torso



--Dandelion2
  Dandelion2_k4_HumanoidRootPart_Torso_Right_Arm_Dandelion2 = Instance.new("Pose")
Dandelion2_k4_HumanoidRootPart_Torso_Right_Arm_Dandelion2.Name = "Dandelion2"
Dandelion2_k4_HumanoidRootPart_Torso_Right_Arm_Dandelion2.CFrame = cf(-0.036011, 0.007292, 0.181225, 0.998795, -0.043012, 0.023633, 0.047963, 0.957514, -0.284370, -0.010397, 0.285161, 0.958423)
Dandelion2_k4_HumanoidRootPart_Torso_Right_Arm_Dandelion2.Parent = Right_Arm_k4_HumanoidRootPart_Torso_Right_Arm



--Right Leg
  Right_Leg_k4_HumanoidRootPart_Torso_Right_Leg = Instance.new("Pose")
Right_Leg_k4_HumanoidRootPart_Torso_Right_Leg.Name = "Right Leg"
Right_Leg_k4_HumanoidRootPart_Torso_Right_Leg.CFrame = cf(0.000000, 0.000000, 0.000000, 1.000000, 0.000000, 0.000000, 0.000000, 1.000000, 0.000000, 0.000000, 0.000000, 1.000000)
Right_Leg_k4_HumanoidRootPart_Torso_Right_Leg.Parent = Torso_k4_HumanoidRootPart_Torso



-- Keyframe 5 (Time: 0.15000000596046448)
 keyframe5 = Instance.new("Keyframe")
keyframe5.Time = 0.15000000596046448
keyframe5.Parent = KeyframeSequence

--HumanoidRootPart
  HumanoidRootPart_k5_HumanoidRootPart = Instance.new("Pose")
HumanoidRootPart_k5_HumanoidRootPart.Name = "HumanoidRootPart"
HumanoidRootPart_k5_HumanoidRootPart.CFrame = cf(0.000000, 0.000000, 0.000000, 1.000000, 0.000000, 0.000000, 0.000000, 1.000000, 0.000000, 0.000000, 0.000000, 1.000000)
HumanoidRootPart_k5_HumanoidRootPart.Parent = keyframe5



--Torso
  Torso_k5_HumanoidRootPart_Torso = Instance.new("Pose")
Torso_k5_HumanoidRootPart_Torso.Name = "Torso"
Torso_k5_HumanoidRootPart_Torso.CFrame = cf(0.591488, -0.515525, -0.007238, 0.989529, 0.031763, 0.140796, 0.022483, 0.929658, -0.367738, -0.142572, 0.367053, 0.919209)
Torso_k5_HumanoidRootPart_Torso.Parent = HumanoidRootPart_k5_HumanoidRootPart



--Head
  Head_k5_HumanoidRootPart_Torso_Head = Instance.new("Pose")
Head_k5_HumanoidRootPart_Torso_Head.Name = "Head"
Head_k5_HumanoidRootPart_Torso_Head.CFrame = cf(0.016288, -0.246888, -0.068446, 0.963230, 0.025391, 0.267475, 0.016731, 0.987924, -0.154035, -0.268156, 0.152846, 0.951173)
Head_k5_HumanoidRootPart_Torso_Head.Parent = Torso_k5_HumanoidRootPart_Torso



--Left Leg
  Left_Leg_k5_HumanoidRootPart_Torso_Left_Leg = Instance.new("Pose")
Left_Leg_k5_HumanoidRootPart_Torso_Left_Leg.Name = "Left Leg"
Left_Leg_k5_HumanoidRootPart_Torso_Left_Leg.CFrame = cf(0.000000, 0.000000, 0.000000, 1.000000, 0.000000, 0.000000, 0.000000, 1.000000, 0.000000, 0.000000, 0.000000, 1.000000)
Left_Leg_k5_HumanoidRootPart_Torso_Left_Leg.Parent = Torso_k5_HumanoidRootPart_Torso



--Left Arm
  Left_Arm_k5_HumanoidRootPart_Torso_Left_Arm = Instance.new("Pose")
Left_Arm_k5_HumanoidRootPart_Torso_Left_Arm.Name = "Left Arm"
Left_Arm_k5_HumanoidRootPart_Torso_Left_Arm.CFrame = cf(-0.026196, -0.644137, 0.114654, -0.144341, 0.820206, -0.553560, -0.978317, -0.202256, -0.044584, -0.148528, 0.535122, 0.831615)
Left_Arm_k5_HumanoidRootPart_Torso_Left_Arm.Parent = Torso_k5_HumanoidRootPart_Torso



--Dandelion1
  Dandelion1_k5_HumanoidRootPart_Torso_Left_Arm_Dandelion1 = Instance.new("Pose")
Dandelion1_k5_HumanoidRootPart_Torso_Left_Arm_Dandelion1.Name = "Dandelion1"
Dandelion1_k5_HumanoidRootPart_Torso_Left_Arm_Dandelion1.CFrame = cf(0.065965, 0.023784, 0.125700, 0.986732, 0.137905, -0.085681, -0.159281, 0.924477, -0.346371, 0.031444, 0.355423, 0.934177)
Dandelion1_k5_HumanoidRootPart_Torso_Left_Arm_Dandelion1.Parent = Left_Arm_k5_HumanoidRootPart_Torso_Left_Arm



--Right Arm
  Right_Arm_k5_HumanoidRootPart_Torso_Right_Arm = Instance.new("Pose")
Right_Arm_k5_HumanoidRootPart_Torso_Right_Arm.Name = "Right Arm"
Right_Arm_k5_HumanoidRootPart_Torso_Right_Arm.CFrame = cf(0.033599, -0.675509, 0.091571, -0.156756, -0.960128, 0.231477, 0.975721, -0.186849, -0.114262, 0.152957, 0.207946, 0.966107)
Right_Arm_k5_HumanoidRootPart_Torso_Right_Arm.Parent = Torso_k5_HumanoidRootPart_Torso



--Dandelion2
  Dandelion2_k5_HumanoidRootPart_Torso_Right_Arm_Dandelion2 = Instance.new("Pose")
Dandelion2_k5_HumanoidRootPart_Torso_Right_Arm_Dandelion2.Name = "Dandelion2"
Dandelion2_k5_HumanoidRootPart_Torso_Right_Arm_Dandelion2.CFrame = cf(-0.030023, 0.008600, 0.188720, 0.999793, -0.013980, 0.014790, 0.017732, 0.955028, -0.295986, -0.009987, 0.296187, 0.955078)
Dandelion2_k5_HumanoidRootPart_Torso_Right_Arm_Dandelion2.Parent = Right_Arm_k5_HumanoidRootPart_Torso_Right_Arm



--Right Leg
  Right_Leg_k5_HumanoidRootPart_Torso_Right_Leg = Instance.new("Pose")
Right_Leg_k5_HumanoidRootPart_Torso_Right_Leg.Name = "Right Leg"
Right_Leg_k5_HumanoidRootPart_Torso_Right_Leg.CFrame = cf(0.000000, 0.000000, 0.000000, 1.000000, 0.000000, 0.000000, 0.000000, 1.000000, 0.000000, 0.000000, 0.000000, 1.000000)
Right_Leg_k5_HumanoidRootPart_Torso_Right_Leg.Parent = Torso_k5_HumanoidRootPart_Torso



-- Keyframe 6 (Time: 0.18333333730697632)
 keyframe6 = Instance.new("Keyframe")
keyframe6.Time = 0.18333333730697632
keyframe6.Parent = KeyframeSequence

--HumanoidRootPart
  HumanoidRootPart_k6_HumanoidRootPart = Instance.new("Pose")
HumanoidRootPart_k6_HumanoidRootPart.Name = "HumanoidRootPart"
HumanoidRootPart_k6_HumanoidRootPart.CFrame = cf(0.000000, 0.000000, 0.000000, 1.000000, 0.000000, 0.000000, 0.000000, 1.000000, 0.000000, 0.000000, 0.000000, 1.000000)
HumanoidRootPart_k6_HumanoidRootPart.Parent = keyframe6



--Torso
  Torso_k6_HumanoidRootPart_Torso = Instance.new("Pose")
Torso_k6_HumanoidRootPart_Torso.Name = "Torso"
Torso_k6_HumanoidRootPart_Torso.CFrame = cf(0.572814, -0.524122, -0.014478, 0.990946, 0.027971, 0.131317, 0.023719, 0.926207, -0.376268, -0.132151, 0.375976, 0.917158)
Torso_k6_HumanoidRootPart_Torso.Parent = HumanoidRootPart_k6_HumanoidRootPart



--Head
  Head_k6_HumanoidRootPart_Torso_Head = Instance.new("Pose")
Head_k6_HumanoidRootPart_Torso_Head.Name = "Head"
Head_k6_HumanoidRootPart_Torso_Head.CFrame = cf(0.016287, -0.246889, -0.068445, 0.962957, 0.021484, 0.268798, 0.031614, 0.980952, -0.191659, -0.267796, 0.193057, 0.943936)
Head_k6_HumanoidRootPart_Torso_Head.Parent = Torso_k6_HumanoidRootPart_Torso



--Left Leg
  Left_Leg_k6_HumanoidRootPart_Torso_Left_Leg = Instance.new("Pose")
Left_Leg_k6_HumanoidRootPart_Torso_Left_Leg.Name = "Left Leg"
Left_Leg_k6_HumanoidRootPart_Torso_Left_Leg.CFrame = cf(0.000000, 0.000000, 0.000000, 1.000000, 0.000000, 0.000000, 0.000000, 1.000000, 0.000000, 0.000000, 0.000000, 1.000000)
Left_Leg_k6_HumanoidRootPart_Torso_Left_Leg.Parent = Torso_k6_HumanoidRootPart_Torso



--Left Arm
  Left_Arm_k6_HumanoidRootPart_Torso_Left_Arm = Instance.new("Pose")
Left_Arm_k6_HumanoidRootPart_Torso_Left_Arm.Name = "Left Arm"
Left_Arm_k6_HumanoidRootPart_Torso_Left_Arm.CFrame = cf(-0.026268, -0.644443, 0.112642, -0.125282, 0.825293, -0.550633, -0.981405, -0.184444, -0.053154, -0.145428, 0.533734, 0.833054)
Left_Arm_k6_HumanoidRootPart_Torso_Left_Arm.Parent = Torso_k6_HumanoidRootPart_Torso



--Dandelion1
  Dandelion1_k6_HumanoidRootPart_Torso_Left_Arm_Dandelion1 = Instance.new("Pose")
Dandelion1_k6_HumanoidRootPart_Torso_Left_Arm_Dandelion1.Name = "Dandelion1"
Dandelion1_k6_HumanoidRootPart_Torso_Left_Arm_Dandelion1.CFrame = cf(0.059661, 0.026434, 0.133705, 0.988742, 0.124309, -0.083289, -0.146456, 0.918060, -0.368397, 0.030670, 0.376448, 0.925930)
Dandelion1_k6_HumanoidRootPart_Torso_Left_Arm_Dandelion1.Parent = Left_Arm_k6_HumanoidRootPart_Torso_Left_Arm



--Right Arm
  Right_Arm_k6_HumanoidRootPart_Torso_Right_Arm = Instance.new("Pose")
Right_Arm_k6_HumanoidRootPart_Torso_Right_Arm.Name = "Right Arm"
Right_Arm_k6_HumanoidRootPart_Torso_Right_Arm.CFrame = cf(0.033699, -0.675931, 0.094346, -0.136865, -0.962531, 0.234096, 0.978113, -0.168702, -0.121794, 0.156723, 0.212303, 0.964554)
Right_Arm_k6_HumanoidRootPart_Torso_Right_Arm.Parent = Torso_k6_HumanoidRootPart_Torso



--Dandelion2
  Dandelion2_k6_HumanoidRootPart_Torso_Right_Arm_Dandelion2 = Instance.new("Pose")
Dandelion2_k6_HumanoidRootPart_Torso_Right_Arm_Dandelion2.Name = "Dandelion2"
Dandelion2_k6_HumanoidRootPart_Torso_Right_Arm_Dandelion2.CFrame = cf(-0.024036, 0.009907, 0.196216, 0.999872, 0.014961, 0.005599, -0.012517, 0.951534, -0.307289, -0.009925, 0.307179, 0.951600)
Dandelion2_k6_HumanoidRootPart_Torso_Right_Arm_Dandelion2.Parent = Right_Arm_k6_HumanoidRootPart_Torso_Right_Arm



--Right Leg
  Right_Leg_k6_HumanoidRootPart_Torso_Right_Leg = Instance.new("Pose")
Right_Leg_k6_HumanoidRootPart_Torso_Right_Leg.Name = "Right Leg"
Right_Leg_k6_HumanoidRootPart_Torso_Right_Leg.CFrame = cf(0.000000, 0.000000, 0.000000, 1.000000, 0.000000, 0.000000, 0.000000, 1.000000, 0.000000, 0.000000, 0.000000, 1.000000)
Right_Leg_k6_HumanoidRootPart_Torso_Right_Leg.Parent = Torso_k6_HumanoidRootPart_Torso



-- Keyframe 7 (Time: 0.21666666865348816)
 keyframe7 = Instance.new("Keyframe")
keyframe7.Time = 0.21666666865348816
keyframe7.Parent = KeyframeSequence

--HumanoidRootPart
  HumanoidRootPart_k7_HumanoidRootPart = Instance.new("Pose")
HumanoidRootPart_k7_HumanoidRootPart.Name = "HumanoidRootPart"
HumanoidRootPart_k7_HumanoidRootPart.CFrame = cf(0.000000, 0.000000, 0.000000, 1.000000, 0.000000, 0.000000, 0.000000, 1.000000, 0.000000, 0.000000, 0.000000, 1.000000)
HumanoidRootPart_k7_HumanoidRootPart.Parent = keyframe7



--Torso
  Torso_k7_HumanoidRootPart_Torso = Instance.new("Pose")
Torso_k7_HumanoidRootPart_Torso.Name = "Torso"
Torso_k7_HumanoidRootPart_Torso.CFrame = cf(0.535466, -0.541317, -0.028959, 0.993456, 0.020111, 0.112427, 0.025900, 0.919060, -0.393266, -0.111236, 0.393605, 0.912525)
Torso_k7_HumanoidRootPart_Torso.Parent = HumanoidRootPart_k7_HumanoidRootPart



--Head
  Head_k7_HumanoidRootPart_Torso_Head = Instance.new("Pose")
Head_k7_HumanoidRootPart_Torso_Head.Name = "Head"
Head_k7_HumanoidRootPart_Torso_Head.CFrame = cf(0.013233, -0.200598, -0.055611, 0.975157, 0.006129, 0.221432, 0.032207, 0.985072, -0.169101, -0.219163, 0.172032, 0.960402)
Head_k7_HumanoidRootPart_Torso_Head.Parent = Torso_k7_HumanoidRootPart_Torso



--Left Leg
  Left_Leg_k7_HumanoidRootPart_Torso_Left_Leg = Instance.new("Pose")
Left_Leg_k7_HumanoidRootPart_Torso_Left_Leg.Name = "Left Leg"
Left_Leg_k7_HumanoidRootPart_Torso_Left_Leg.CFrame = cf(0.000000, 0.000000, 0.000000, 1.000000, 0.000000, 0.000000, 0.000000, 1.000000, 0.000000, 0.000000, 0.000000, 1.000000)
Left_Leg_k7_HumanoidRootPart_Torso_Left_Leg.Parent = Torso_k7_HumanoidRootPart_Torso



--Left Arm
  Left_Arm_k7_HumanoidRootPart_Torso_Left_Arm = Instance.new("Pose")
Left_Arm_k7_HumanoidRootPart_Torso_Left_Arm.Name = "Left Arm"
Left_Arm_k7_HumanoidRootPart_Torso_Left_Arm.CFrame = cf(-0.026413, -0.645054, 0.108618, -0.086975, 0.834395, -0.544261, -0.986418, -0.148546, -0.070100, -0.139339, 0.530772, 0.835982)
Left_Arm_k7_HumanoidRootPart_Torso_Left_Arm.Parent = Torso_k7_HumanoidRootPart_Torso



--Dandelion1
  Dandelion1_k7_HumanoidRootPart_Torso_Left_Arm_Dandelion1 = Instance.new("Pose")
Dandelion1_k7_HumanoidRootPart_Torso_Left_Arm_Dandelion1.Name = "Dandelion1"
Dandelion1_k7_HumanoidRootPart_Torso_Left_Arm_Dandelion1.CFrame = cf(0.047053, 0.031733, 0.149713, 0.992237, 0.097233, -0.077539, -0.120692, 0.903264, -0.411762, 0.030001, 0.417924, 0.907987)
Dandelion1_k7_HumanoidRootPart_Torso_Left_Arm_Dandelion1.Parent = Left_Arm_k7_HumanoidRootPart_Torso_Left_Arm



--Right Arm
  Right_Arm_k7_HumanoidRootPart_Torso_Right_Arm = Instance.new("Pose")
Right_Arm_k7_HumanoidRootPart_Torso_Right_Arm.Name = "Right Arm"
Right_Arm_k7_HumanoidRootPart_Torso_Right_Arm.CFrame = cf(0.033898, -0.676776, 0.099896, -0.096905, -0.966205, 0.238866, 0.981694, -0.132325, -0.136992, 0.163970, 0.221218, 0.961341)
Right_Arm_k7_HumanoidRootPart_Torso_Right_Arm.Parent = Torso_k7_HumanoidRootPart_Torso



--Dandelion2
  Dandelion2_k7_HumanoidRootPart_Torso_Right_Arm_Dandelion2 = Instance.new("Pose")
Dandelion2_k7_HumanoidRootPart_Torso_Right_Arm_Dandelion2.Name = "Dandelion2"
Dandelion2_k7_HumanoidRootPart_Torso_Right_Arm_Dandelion2.CFrame = cf(-0.012061, 0.012522, 0.211207, 0.997277, 0.072448, -0.013788, -0.072947, 0.941541, -0.328907, -0.010847, 0.329017, 0.944262)
Dandelion2_k7_HumanoidRootPart_Torso_Right_Arm_Dandelion2.Parent = Right_Arm_k7_HumanoidRootPart_Torso_Right_Arm



--Right Leg
  Right_Leg_k7_HumanoidRootPart_Torso_Right_Leg = Instance.new("Pose")
Right_Leg_k7_HumanoidRootPart_Torso_Right_Leg.Name = "Right Leg"
Right_Leg_k7_HumanoidRootPart_Torso_Right_Leg.CFrame = cf(0.000000, 0.000000, 0.000000, 1.000000, 0.000000, 0.000000, 0.000000, 1.000000, 0.000000, 0.000000, 0.000000, 1.000000)
Right_Leg_k7_HumanoidRootPart_Torso_Right_Leg.Parent = Torso_k7_HumanoidRootPart_Torso



-- Keyframe 8 (Time: 0.2666666805744171)
 keyframe8 = Instance.new("Keyframe")
keyframe8.Time = 0.2666666805744171
keyframe8.Parent = KeyframeSequence

--HumanoidRootPart
  HumanoidRootPart_k8_HumanoidRootPart = Instance.new("Pose")
HumanoidRootPart_k8_HumanoidRootPart.Name = "HumanoidRootPart"
HumanoidRootPart_k8_HumanoidRootPart.CFrame = cf(0.000000, 0.000000, 0.000000, 1.000000, 0.000000, 0.000000, 0.000000, 1.000000, 0.000000, 0.000000, 0.000000, 1.000000)
HumanoidRootPart_k8_HumanoidRootPart.Parent = keyframe8



--Torso
  Torso_k8_HumanoidRootPart_Torso = Instance.new("Pose")
Torso_k8_HumanoidRootPart_Torso.Name = "Torso"
Torso_k8_HumanoidRootPart_Torso.CFrame = cf(0.127642, -0.149231, 0.000001, 0.999681, 0.002083, 0.025167, 0.003474, 0.975771, -0.218765, -0.025013, 0.218782, 0.975453)
Torso_k8_HumanoidRootPart_Torso.Parent = HumanoidRootPart_k8_HumanoidRootPart



--Head
  Head_k8_HumanoidRootPart_Torso_Head = Instance.new("Pose")
Head_k8_HumanoidRootPart_Torso_Head.Name = "Head"
Head_k8_HumanoidRootPart_Torso_Head.CFrame = cf(0.010178, -0.154307, -0.042777, 0.984859, -0.008159, 0.173163, 0.033949, 0.988627, -0.146507, -0.169998, 0.150167, 0.973935)
Head_k8_HumanoidRootPart_Torso_Head.Parent = Torso_k8_HumanoidRootPart_Torso



--Left Leg
  Left_Leg_k8_HumanoidRootPart_Torso_Left_Leg = Instance.new("Pose")
Left_Leg_k8_HumanoidRootPart_Torso_Left_Leg.Name = "Left Leg"
Left_Leg_k8_HumanoidRootPart_Torso_Left_Leg.CFrame = cf(0.000000, 0.000000, 0.000000, 1.000000, 0.000000, 0.000000, 0.000000, 1.000000, 0.000000, 0.000000, 0.000000, 1.000000)
Left_Leg_k8_HumanoidRootPart_Torso_Left_Leg.Parent = Torso_k8_HumanoidRootPart_Torso



--Left Arm
  Left_Arm_k8_HumanoidRootPart_Torso_Left_Arm = Instance.new("Pose")
Left_Arm_k8_HumanoidRootPart_Torso_Left_Arm.Name = "Left Arm"
Left_Arm_k8_HumanoidRootPart_Torso_Left_Arm.CFrame = cf(-0.028146, -0.652398, 0.060343, -0.093360, 0.851092, -0.516649, -0.992599, -0.120043, -0.018385, -0.077667, 0.511108, 0.856000)
Left_Arm_k8_HumanoidRootPart_Torso_Left_Arm.Parent = Torso_k8_HumanoidRootPart_Torso



--Dandelion1
  Dandelion1_k8_HumanoidRootPart_Torso_Left_Arm_Dandelion1 = Instance.new("Pose")
Dandelion1_k8_HumanoidRootPart_Torso_Left_Arm_Dandelion1.Name = "Dandelion1"
Dandelion1_k8_HumanoidRootPart_Torso_Left_Arm_Dandelion1.CFrame = cf(0.016477, 0.035882, 0.165908, 0.998441, 0.038686, -0.040242, -0.052662, 0.891883, -0.449189, 0.018514, 0.450608, 0.892530)
Dandelion1_k8_HumanoidRootPart_Torso_Left_Arm_Dandelion1.Parent = Left_Arm_k8_HumanoidRootPart_Torso_Left_Arm



--Right Arm
  Right_Arm_k8_HumanoidRootPart_Torso_Right_Arm = Instance.new("Pose")
Right_Arm_k8_HumanoidRootPart_Torso_Right_Arm.Name = "Right Arm"
Right_Arm_k8_HumanoidRootPart_Torso_Right_Arm.CFrame = cf(0.032304, -0.670021, 0.055499, -0.098481, -0.973834, 0.204813, 0.990259, -0.116257, -0.076625, 0.098432, 0.195272, 0.975797)
Right_Arm_k8_HumanoidRootPart_Torso_Right_Arm.Parent = Torso_k8_HumanoidRootPart_Torso



--Dandelion2
  Dandelion2_k8_HumanoidRootPart_Torso_Right_Arm_Dandelion2 = Instance.new("Pose")
Dandelion2_k8_HumanoidRootPart_Torso_Right_Arm_Dandelion2.Name = "Dandelion2"
Dandelion2_k8_HumanoidRootPart_Torso_Right_Arm_Dandelion2.CFrame = cf(0.014357, 0.015681, 0.214457, 0.983082, 0.173528, -0.058634, -0.183082, 0.921240, -0.343216, -0.005542, 0.348144, 0.937425)
Dandelion2_k8_HumanoidRootPart_Torso_Right_Arm_Dandelion2.Parent = Right_Arm_k8_HumanoidRootPart_Torso_Right_Arm



--Right Leg
  Right_Leg_k8_HumanoidRootPart_Torso_Right_Leg = Instance.new("Pose")
Right_Leg_k8_HumanoidRootPart_Torso_Right_Leg.Name = "Right Leg"
Right_Leg_k8_HumanoidRootPart_Torso_Right_Leg.CFrame = cf(0.000000, 0.000000, 0.000000, 1.000000, 0.000000, 0.000000, 0.000000, 1.000000, 0.000000, 0.000000, 0.000000, 1.000000)
Right_Leg_k8_HumanoidRootPart_Torso_Right_Leg.Parent = Torso_k8_HumanoidRootPart_Torso



-- Keyframe 9 (Time: 0.28333333134651184)
 keyframe9 = Instance.new("Keyframe")
keyframe9.Time = 0.28333333134651184
keyframe9.Parent = KeyframeSequence

--HumanoidRootPart
  HumanoidRootPart_k9_HumanoidRootPart = Instance.new("Pose")
HumanoidRootPart_k9_HumanoidRootPart.Name = "HumanoidRootPart"
HumanoidRootPart_k9_HumanoidRootPart.CFrame = cf(0.000000, 0.000000, 0.000000, 1.000000, 0.000000, 0.000000, 0.000000, 1.000000, 0.000000, 0.000000, 0.000000, 1.000000)
HumanoidRootPart_k9_HumanoidRootPart.Parent = keyframe9



--Torso
  Torso_k9_HumanoidRootPart_Torso = Instance.new("Pose")
Torso_k9_HumanoidRootPart_Torso.Name = "Torso"
Torso_k9_HumanoidRootPart_Torso.CFrame = cf(0.063821, -0.080342, 0.000001, 0.999920, 0.000749, 0.012609, 0.001447, 0.984877, -0.173251, -0.012548, 0.173255, 0.984797)
Torso_k9_HumanoidRootPart_Torso.Parent = HumanoidRootPart_k9_HumanoidRootPart



--Head
  Head_k9_HumanoidRootPart_Torso_Head = Instance.new("Pose")
Head_k9_HumanoidRootPart_Torso_Head.Name = "Head"
Head_k9_HumanoidRootPart_Torso_Head.CFrame = cf(0.006107, -0.092584, -0.025666, 0.994518, -0.010719, 0.104013, 0.014746, 0.999168, -0.038020, -0.103519, 0.039346, 0.993849)
Head_k9_HumanoidRootPart_Torso_Head.Parent = Torso_k9_HumanoidRootPart_Torso



--Left Leg
  Left_Leg_k9_HumanoidRootPart_Torso_Left_Leg = Instance.new("Pose")
Left_Leg_k9_HumanoidRootPart_Torso_Left_Leg.Name = "Left Leg"
Left_Leg_k9_HumanoidRootPart_Torso_Left_Leg.CFrame = cf(0.000000, 0.000000, 0.000000, 1.000000, 0.000000, 0.000000, 0.000000, 1.000000, 0.000000, 0.000000, 0.000000, 1.000000)
Left_Leg_k9_HumanoidRootPart_Torso_Left_Leg.Parent = Torso_k9_HumanoidRootPart_Torso



--Left Arm
  Left_Arm_k9_HumanoidRootPart_Torso_Left_Arm = Instance.new("Pose")
Left_Arm_k9_HumanoidRootPart_Torso_Left_Arm.Name = "Left Arm"
Left_Arm_k9_HumanoidRootPart_Torso_Left_Arm.CFrame = cf(-0.029012, -0.656069, 0.036206, -0.095798, 0.859220, -0.502557, -0.994307, -0.106263, 0.007859, -0.046650, 0.500449, 0.864509)
Left_Arm_k9_HumanoidRootPart_Torso_Left_Arm.Parent = Torso_k9_HumanoidRootPart_Torso



--Dandelion1
  Dandelion1_k9_HumanoidRootPart_Torso_Left_Arm_Dandelion1 = Instance.new("Pose")
Dandelion1_k9_HumanoidRootPart_Torso_Left_Arm_Dandelion1.Name = "Dandelion1"
Dandelion1_k9_HumanoidRootPart_Torso_Left_Arm_Dandelion1.CFrame = cf(0.001189, 0.037957, 0.174005, 0.999737, 0.009855, -0.020700, -0.018379, 0.884229, -0.466692, 0.013705, 0.466950, 0.884178)
Dandelion1_k9_HumanoidRootPart_Torso_Left_Arm_Dandelion1.Parent = Left_Arm_k9_HumanoidRootPart_Torso_Left_Arm



--Right Arm
  Right_Arm_k9_HumanoidRootPart_Torso_Right_Arm = Instance.new("Pose")
Right_Arm_k9_HumanoidRootPart_Torso_Right_Arm.Name = "Right Arm"
Right_Arm_k9_HumanoidRootPart_Torso_Right_Arm.CFrame = cf(0.031508, -0.666643, 0.033301, -0.098402, -0.977287, 0.187689, 0.992990, -0.108837, -0.046101, 0.065482, 0.181837, 0.981146)
Right_Arm_k9_HumanoidRootPart_Torso_Right_Arm.Parent = Torso_k9_HumanoidRootPart_Torso



--Dandelion2
  Dandelion2_k9_HumanoidRootPart_Torso_Right_Arm_Dandelion2 = Instance.new("Pose")
Dandelion2_k9_HumanoidRootPart_Torso_Right_Arm_Dandelion2.Name = "Dandelion2"
Dandelion2_k9_HumanoidRootPart_Torso_Right_Arm_Dandelion2.CFrame = cf(0.027566, 0.017261, 0.216082, 0.971400, 0.223003, -0.081561, -0.237420, 0.906769, -0.348428, -0.003743, 0.357827, 0.933780)
Dandelion2_k9_HumanoidRootPart_Torso_Right_Arm_Dandelion2.Parent = Right_Arm_k9_HumanoidRootPart_Torso_Right_Arm



--Right Leg
  Right_Leg_k9_HumanoidRootPart_Torso_Right_Leg = Instance.new("Pose")
Right_Leg_k9_HumanoidRootPart_Torso_Right_Leg.Name = "Right Leg"
Right_Leg_k9_HumanoidRootPart_Torso_Right_Leg.CFrame = cf(0.000000, 0.000000, 0.000000, 1.000000, 0.000000, 0.000000, 0.000000, 1.000000, 0.000000, 0.000000, 0.000000, 1.000000)
Right_Leg_k9_HumanoidRootPart_Torso_Right_Leg.Parent = Torso_k9_HumanoidRootPart_Torso



-- Keyframe 10 (Time: 0.30000001192092896)
 keyframe10 = Instance.new("Keyframe")
keyframe10.Time = 0.30000001192092896
keyframe10.Parent = KeyframeSequence

--HumanoidRootPart
  HumanoidRootPart_k10_HumanoidRootPart = Instance.new("Pose")
HumanoidRootPart_k10_HumanoidRootPart.Name = "HumanoidRootPart"
HumanoidRootPart_k10_HumanoidRootPart.CFrame = cf(0.000000, 0.000000, 0.000000, 1.000000, 0.000000, 0.000000, 0.000000, 1.000000, 0.000000, 0.000000, 0.000000, 1.000000)
HumanoidRootPart_k10_HumanoidRootPart.Parent = keyframe10



--Torso
  Torso_k10_HumanoidRootPart_Torso = Instance.new("Pose")
Torso_k10_HumanoidRootPart_Torso.Name = "Torso"
Torso_k10_HumanoidRootPart_Torso.CFrame = cf(0.000000, -0.011453, 0.000000, 1.000000, 0.000000, 0.000000, 0.000000, 0.991859, -0.127341, 0.000000, 0.127341, 0.991859)
Torso_k10_HumanoidRootPart_Torso.Parent = HumanoidRootPart_k10_HumanoidRootPart



--Head
  Head_k10_HumanoidRootPart_Torso_Head = Instance.new("Pose")
Head_k10_HumanoidRootPart_Torso_Head.Name = "Head"
Head_k10_HumanoidRootPart_Torso_Head.CFrame = cf(0.004580, -0.069438, -0.019250, 0.996912, -0.009665, 0.077928, 0.009462, 0.999951, 0.002975, -0.077953, -0.002228, 0.996955)
Head_k10_HumanoidRootPart_Torso_Head.Parent = Torso_k10_HumanoidRootPart_Torso



--Left Leg
  Left_Leg_k10_HumanoidRootPart_Torso_Left_Leg = Instance.new("Pose")
Left_Leg_k10_HumanoidRootPart_Torso_Left_Leg.Name = "Left Leg"
Left_Leg_k10_HumanoidRootPart_Torso_Left_Leg.CFrame = cf(0.000000, 0.000000, 0.000000, 1.000000, 0.000000, 0.000000, 0.000000, 1.000000, 0.000000, 0.000000, 0.000000, 1.000000)
Left_Leg_k10_HumanoidRootPart_Torso_Left_Leg.Parent = Torso_k10_HumanoidRootPart_Torso



--Left Arm
  Left_Arm_k10_HumanoidRootPart_Torso_Left_Arm = Instance.new("Pose")
Left_Arm_k10_HumanoidRootPart_Torso_Left_Arm.Name = "Left Arm"
Left_Arm_k10_HumanoidRootPart_Torso_Left_Arm.CFrame = cf(-0.029292, -0.656469, 0.027155, -0.094202, 0.862756, -0.496767, -0.994960, -0.098811, 0.017066, -0.034362, 0.495871, 0.867716)
Left_Arm_k10_HumanoidRootPart_Torso_Left_Arm.Parent = Torso_k10_HumanoidRootPart_Torso



--Dandelion1
  Dandelion1_k10_HumanoidRootPart_Torso_Left_Arm_Dandelion1 = Instance.new("Pose")
Dandelion1_k10_HumanoidRootPart_Torso_Left_Arm_Dandelion1.Name = "Dandelion1"
Dandelion1_k10_HumanoidRootPart_Torso_Left_Arm_Dandelion1.CFrame = cf(0.010547, 0.028468, 0.147984, 0.999384, 0.031613, -0.015274, -0.035075, 0.918094, -0.394808, 0.001542, 0.395101, 0.918637)
Dandelion1_k10_HumanoidRootPart_Torso_Left_Arm_Dandelion1.Parent = Left_Arm_k10_HumanoidRootPart_Torso_Left_Arm



--Right Arm
  Right_Arm_k10_HumanoidRootPart_Torso_Right_Arm = Instance.new("Pose")
Right_Arm_k10_HumanoidRootPart_Torso_Right_Arm.Name = "Right Arm"
Right_Arm_k10_HumanoidRootPart_Torso_Right_Arm.CFrame = cf(0.031164, -0.664400, 0.024976, -0.095787, -0.978801, 0.181036, 0.993997, -0.103717, -0.034833, 0.052871, 0.176613, 0.982859)
Right_Arm_k10_HumanoidRootPart_Torso_Right_Arm.Parent = Torso_k10_HumanoidRootPart_Torso



--Dandelion2
  Dandelion2_k10_HumanoidRootPart_Torso_Right_Arm_Dandelion2 = Instance.new("Pose")
Dandelion2_k10_HumanoidRootPart_Torso_Right_Arm_Dandelion2.Name = "Dandelion2"
Dandelion2_k10_HumanoidRootPart_Torso_Right_Arm_Dandelion2.CFrame = cf(0.017074, 0.013302, 0.184111, 0.985169, 0.160076, -0.061791, -0.171437, 0.933376, -0.315308, 0.007201, 0.321225, 0.946975)
Dandelion2_k10_HumanoidRootPart_Torso_Right_Arm_Dandelion2.Parent = Right_Arm_k10_HumanoidRootPart_Torso_Right_Arm



--Right Leg
  Right_Leg_k10_HumanoidRootPart_Torso_Right_Leg = Instance.new("Pose")
Right_Leg_k10_HumanoidRootPart_Torso_Right_Leg.Name = "Right Leg"
Right_Leg_k10_HumanoidRootPart_Torso_Right_Leg.CFrame = cf(0.000000, 0.000000, 0.000000, 1.000000, 0.000000, 0.000000, 0.000000, 1.000000, 0.000000, 0.000000, 0.000000, 1.000000)
Right_Leg_k10_HumanoidRootPart_Torso_Right_Leg.Parent = Torso_k10_HumanoidRootPart_Torso



-- Keyframe 11 (Time: 0.36666667461395264)
 keyframe11 = Instance.new("Keyframe")
keyframe11.Time = 0.36666667461395264
keyframe11.Parent = KeyframeSequence

--HumanoidRootPart
  HumanoidRootPart_k11_HumanoidRootPart = Instance.new("Pose")
HumanoidRootPart_k11_HumanoidRootPart.Name = "HumanoidRootPart"
HumanoidRootPart_k11_HumanoidRootPart.CFrame = cf(0.000000, 0.000000, 0.000000, 1.000000, 0.000000, 0.000000, 0.000000, 1.000000, 0.000000, 0.000000, 0.000000, 1.000000)
HumanoidRootPart_k11_HumanoidRootPart.Parent = keyframe11



--Torso
  Torso_k11_HumanoidRootPart_Torso = Instance.new("Pose")
Torso_k11_HumanoidRootPart_Torso.Name = "Torso"
Torso_k11_HumanoidRootPart_Torso.CFrame = cf(0.000000, 0.000000, 0.000000, 1.000000, 0.000000, 0.000000, 0.000000, 0.993642, -0.112589, 0.000000, 0.112589, 0.993642)
Torso_k11_HumanoidRootPart_Torso.Parent = HumanoidRootPart_k11_HumanoidRootPart



--Head
  Head_k11_HumanoidRootPart_Torso_Head = Instance.new("Pose")
Head_k11_HumanoidRootPart_Torso_Head.Name = "Head"
