-- KeyframeSequence Export: Animation_81396176839884
-- Generated on 2026-04-26 14:10:22

local KeyframeSequence = Instance.new("KeyframeSequence")
KeyframeSequence.Name = "Animation_81396176839884"
local cf=CFrame.new

-- Keyframe 1 (Time: 0)
 keyframe1 = Instance.new("Keyframe")
keyframe1.Time = 0
keyframe1.Parent = KeyframeSequence

--HumanoidRootPart
HumanoidRootPart_k1_HumanoidRootPart = Instance.new("Pose")
HumanoidRootPart_k1_HumanoidRootPart.Name = "HumanoidRootPart"
HumanoidRootPart_k1_HumanoidRootPart.CFrame = cf(0.000000, 0.000000, 0.000000, 1.000000, 0.000000, 0.000000, 0.000000, 1.000000, 0.000000, 0.000000, 0.000000, 1.000000)
HumanoidRootPart_k1_HumanoidRootPart.Parent = keyframe1



--Torso
Torso_k1_HumanoidRootPart_Torso = Instance.new("Pose")
Torso_k1_HumanoidRootPart_Torso.Name = "Torso"
Torso_k1_HumanoidRootPart_Torso.CFrame = cf(0.000000, 0.000000, 0.000000, 1.000000, 0.000000, 0.000000, 0.000000, 0.999871, 0.016076, 0.000000, -0.016076, 0.999871)
Torso_k1_HumanoidRootPart_Torso.Parent = HumanoidRootPart_k1_HumanoidRootPart



--Head
Head_k1_HumanoidRootPart_Torso_Head = Instance.new("Pose")
Head_k1_HumanoidRootPart_Torso_Head.Name = "Head"
Head_k1_HumanoidRootPart_Torso_Head.CFrame = cf(0.000000, 0.000000, -0.000000, 1.000000, 0.000000, 0.000000, 0.000000, 0.999933, 0.011596, 0.000000, -0.011596, 0.999933)
Head_k1_HumanoidRootPart_Torso_Head.Parent = Torso_k1_HumanoidRootPart_Torso



--Left Leg
Left_Leg_k1_HumanoidRootPart_Torso_Left_Leg = Instance.new("Pose")
Left_Leg_k1_HumanoidRootPart_Torso_Left_Leg.Name = "Left Leg"
Left_Leg_k1_HumanoidRootPart_Torso_Left_Leg.CFrame = cf(-0.357620, 0.220102, 0.000000, 0.958730, 0.284319, 0.000000, -0.284319, 0.958730, 0.000000, 0.000000, 0.000000, 1.000000)
Left_Leg_k1_HumanoidRootPart_Torso_Left_Leg.Parent = Torso_k1_HumanoidRootPart_Torso



--Right Arm
Right_Arm_k1_HumanoidRootPart_Torso_Right_Arm = Instance.new("Pose")
Right_Arm_k1_HumanoidRootPart_Torso_Right_Arm.Name = "Right Arm"
Right_Arm_k1_HumanoidRootPart_Torso_Right_Arm.CFrame = cf(0.192933, -0.073119, 0.037883, 0.720607, -0.047947, 0.691684, 0.069237, 0.997596, -0.002980, -0.689878, 0.050038, 0.722194)
Right_Arm_k1_HumanoidRootPart_Torso_Right_Arm.Parent = Torso_k1_HumanoidRootPart_Torso



--Right Leg
Right_Leg_k1_HumanoidRootPart_Torso_Right_Leg = Instance.new("Pose")
Right_Leg_k1_HumanoidRootPart_Torso_Right_Leg.Name = "Right Leg"
Right_Leg_k1_HumanoidRootPart_Torso_Right_Leg.CFrame = cf(-0.205853, -0.239883, 0.000000, 0.891642, 0.452741, 0.000000, -0.452741, 0.891642, 0.000000, 0.000000, 0.000000, 1.000000)
Right_Leg_k1_HumanoidRootPart_Torso_Right_Leg.Parent = Torso_k1_HumanoidRootPart_Torso



--Left Arm
Left_Arm_k1_HumanoidRootPart_Torso_Left_Arm = Instance.new("Pose")
Left_Arm_k1_HumanoidRootPart_Torso_Left_Arm.Name = "Left Arm"
Left_Arm_k1_HumanoidRootPart_Torso_Left_Arm.CFrame = cf(0.054052, 0.009790, 0.058207, 0.727307, -0.122114, 0.675361, 0.052812, 0.991084, 0.122327, -0.684278, -0.053302, 0.727271)
Left_Arm_k1_HumanoidRootPart_Torso_Left_Arm.Parent = Torso_k1_HumanoidRootPart_Torso



-- Keyframe 2 (Time: 0.06666667014360428)
 keyframe2 = Instance.new("Keyframe")
keyframe2.Time = 0.06666667014360428
keyframe2.Parent = KeyframeSequence

--HumanoidRootPart
HumanoidRootPart_k2_HumanoidRootPart = Instance.new("Pose")
HumanoidRootPart_k2_HumanoidRootPart.Name = "HumanoidRootPart"
HumanoidRootPart_k2_HumanoidRootPart.CFrame = cf(0.000000, 0.000000, 0.000000, 1.000000, 0.000000, 0.000000, 0.000000, 1.000000, 0.000000, 0.000000, 0.000000, 1.000000)
HumanoidRootPart_k2_HumanoidRootPart.Parent = keyframe2



--Torso
Torso_k2_HumanoidRootPart_Torso = Instance.new("Pose")
Torso_k2_HumanoidRootPart_Torso.Name = "Torso"
Torso_k2_HumanoidRootPart_Torso.CFrame = cf(0.000000, 0.000000, 0.000000, 1.000000, 0.000000, 0.000000, 0.000000, 0.999741, 0.022766, 0.000000, -0.022766, 0.999741)
Torso_k2_HumanoidRootPart_Torso.Parent = HumanoidRootPart_k2_HumanoidRootPart



--Head
Head_k2_HumanoidRootPart_Torso_Head = Instance.new("Pose")
Head_k2_HumanoidRootPart_Torso_Head.Name = "Head"
Head_k2_HumanoidRootPart_Torso_Head.CFrame = cf(0.000000, 0.000000, -0.000000, 1.000000, 0.000000, 0.000000, 0.000000, 0.999251, -0.038686, 0.000000, 0.038686, 0.999251)
Head_k2_HumanoidRootPart_Torso_Head.Parent = Torso_k2_HumanoidRootPart_Torso



--Left Leg
Left_Leg_k2_HumanoidRootPart_Torso_Left_Leg = Instance.new("Pose")
Left_Leg_k2_HumanoidRootPart_Torso_Left_Leg.Name = "Left Leg"
Left_Leg_k2_HumanoidRootPart_Torso_Left_Leg.CFrame = cf(-0.361430, 0.202329, 0.000000, 0.970320, 0.241825, 0.000000, -0.241825, 0.970320, 0.000000, 0.000000, 0.000000, 1.000000)
Left_Leg_k2_HumanoidRootPart_Torso_Left_Leg.Parent = Torso_k2_HumanoidRootPart_Torso



--Right Arm
Right_Arm_k2_HumanoidRootPart_Torso_Right_Arm = Instance.new("Pose")
Right_Arm_k2_HumanoidRootPart_Torso_Right_Arm.Name = "Right Arm"
Right_Arm_k2_HumanoidRootPart_Torso_Right_Arm.CFrame = cf(0.192933, -0.073119, 0.037883, 0.709848, -0.047947, 0.702721, 0.069275, 0.997596, -0.001911, -0.700939, 0.050038, 0.711463)
Right_Arm_k2_HumanoidRootPart_Torso_Right_Arm.Parent = Torso_k2_HumanoidRootPart_Torso



--Right Leg
Right_Leg_k2_HumanoidRootPart_Torso_Right_Leg = Instance.new("Pose")
Right_Leg_k2_HumanoidRootPart_Torso_Right_Leg.Name = "Right Leg"
Right_Leg_k2_HumanoidRootPart_Torso_Right_Leg.CFrame = cf(-0.185717, -0.251126, 0.000000, 0.881221, 0.472705, 0.000000, -0.472705, 0.881221, 0.000000, 0.000000, 0.000000, 1.000000)
Right_Leg_k2_HumanoidRootPart_Torso_Right_Leg.Parent = Torso_k2_HumanoidRootPart_Torso



--Left Arm
Left_Arm_k2_HumanoidRootPart_Torso_Left_Arm = Instance.new("Pose")
Left_Arm_k2_HumanoidRootPart_Torso_Left_Arm.Name = "Left Arm"
Left_Arm_k2_HumanoidRootPart_Torso_Left_Arm.CFrame = cf(0.054052, 0.009790, 0.058207, 0.686284, -0.122114, 0.717009, 0.045519, 0.991084, 0.125224, -0.725908, -0.053302, 0.685724)
Left_Arm_k2_HumanoidRootPart_Torso_Left_Arm.Parent = Torso_k2_HumanoidRootPart_Torso



-- Keyframe 3 (Time: 0.1666666716337204)
 keyframe3 = Instance.new("Keyframe")
keyframe3.Time = 0.1666666716337204
keyframe3.Parent = KeyframeSequence

--HumanoidRootPart
HumanoidRootPart_k3_HumanoidRootPart = Instance.new("Pose")
HumanoidRootPart_k3_HumanoidRootPart.Name = "HumanoidRootPart"
HumanoidRootPart_k3_HumanoidRootPart.CFrame = cf(0.000000, 0.000000, 0.000000, 1.000000, 0.000000, 0.000000, 0.000000, 1.000000, 0.000000, 0.000000, 0.000000, 1.000000)
HumanoidRootPart_k3_HumanoidRootPart.Parent = keyframe3



--Torso
Torso_k3_HumanoidRootPart_Torso = Instance.new("Pose")
Torso_k3_HumanoidRootPart_Torso.Name = "Torso"
Torso_k3_HumanoidRootPart_Torso.CFrame = cf(0.000000, -0.000162, -0.010097, 1.000000, 0.000000, 0.000000, 0.000000, 0.999725, 0.023458, 0.000000, -0.023458, 0.999725)
Torso_k3_HumanoidRootPart_Torso.Parent = HumanoidRootPart_k3_HumanoidRootPart



--Head
Head_k3_HumanoidRootPart_Torso_Head = Instance.new("Pose")
Head_k3_HumanoidRootPart_Torso_Head.Name = "Head"
Head_k3_HumanoidRootPart_Torso_Head.CFrame = cf(0.000000, 0.000000, -0.000000, 1.000000, 0.000000, 0.000000, 0.000000, 0.998247, -0.059181, 0.000000, 0.059181, 0.998247)
Head_k3_HumanoidRootPart_Torso_Head.Parent = Torso_k3_HumanoidRootPart_Torso



--Left Leg
Left_Leg_k3_HumanoidRootPart_Torso_Left_Leg = Instance.new("Pose")
Left_Leg_k3_HumanoidRootPart_Torso_Left_Leg.Name = "Left Leg"
Left_Leg_k3_HumanoidRootPart_Torso_Left_Leg.CFrame = cf(-0.369469, 0.162868, 0.000000, 0.980120, 0.198405, 0.000000, -0.198405, 0.980120, 0.000000, 0.000000, 0.000000, 1.000000)
Left_Leg_k3_HumanoidRootPart_Torso_Left_Leg.Parent = Torso_k3_HumanoidRootPart_Torso



--Right Arm
Right_Arm_k3_HumanoidRootPart_Torso_Right_Arm = Instance.new("Pose")
Right_Arm_k3_HumanoidRootPart_Torso_Right_Arm.Name = "Right Arm"
Right_Arm_k3_HumanoidRootPart_Torso_Right_Arm.CFrame = cf(0.148915, -0.102071, 0.024466, 0.824722, -0.054382, 0.562918, 0.072108, 0.997354, -0.009293, -0.560923, 0.048255, 0.826461)
Right_Arm_k3_HumanoidRootPart_Torso_Right_Arm.Parent = Torso_k3_HumanoidRootPart_Torso



--Right Leg
Right_Leg_k3_HumanoidRootPart_Torso_Right_Leg = Instance.new("Pose")
Right_Leg_k3_HumanoidRootPart_Torso_Right_Leg.Name = "Right Leg"
Right_Leg_k3_HumanoidRootPart_Torso_Right_Leg.CFrame = cf(-0.110423, -0.277795, 0.000000, 0.860524, 0.509410, 0.000000, -0.509410, 0.860524, 0.000000, 0.000000, 0.000000, 1.000000)
Right_Leg_k3_HumanoidRootPart_Torso_Right_Leg.Parent = Torso_k3_HumanoidRootPart_Torso



--Left Arm
Left_Arm_k3_HumanoidRootPart_Torso_Left_Arm = Instance.new("Pose")
Left_Arm_k3_HumanoidRootPart_Torso_Left_Arm.Name = "Left Arm"
Left_Arm_k3_HumanoidRootPart_Torso_Left_Arm.CFrame = cf(0.053896, -0.040156, 0.047416, 0.773915, -0.106161, 0.624328, 0.051657, 0.993146, 0.104841, -0.631179, -0.048887, 0.774095)
Left_Arm_k3_HumanoidRootPart_Torso_Left_Arm.Parent = Torso_k3_HumanoidRootPart_Torso



-- Keyframe 4 (Time: 0.21666666865348816)
 keyframe4 = Instance.new("Keyframe")
keyframe4.Time = 0.21666666865348816
keyframe4.Parent = KeyframeSequence

--HumanoidRootPart
HumanoidRootPart_k4_HumanoidRootPart = Instance.new("Pose")
HumanoidRootPart_k4_HumanoidRootPart.Name = "HumanoidRootPart"
HumanoidRootPart_k4_HumanoidRootPart.CFrame = cf(0.000000, 0.000000, 0.000000, 1.000000, 0.000000, 0.000000, 0.000000, 1.000000, 0.000000, 0.000000, 0.000000, 1.000000)
HumanoidRootPart_k4_HumanoidRootPart.Parent = keyframe4



--Torso
Torso_k4_HumanoidRootPart_Torso = Instance.new("Pose")
Torso_k4_HumanoidRootPart_Torso.Name = "Torso"
Torso_k4_HumanoidRootPart_Torso.CFrame = cf(0.000000, -0.000162, -0.010097, 1.000000, 0.000000, 0.000000, 0.000000, 0.999725, 0.023458, 0.000000, -0.023458, 0.999725)
Torso_k4_HumanoidRootPart_Torso.Parent = HumanoidRootPart_k4_HumanoidRootPart



--Left Leg
Left_Leg_k4_HumanoidRootPart_Torso_Left_Leg = Instance.new("Pose")
Left_Leg_k4_HumanoidRootPart_Torso_Left_Leg.Name = "Left Leg"
Left_Leg_k4_HumanoidRootPart_Torso_Left_Leg.CFrame = cf(-0.374650, 0.136738, 0.000000, 0.982333, 0.187140, 0.000000, -0.187140, 0.982333, 0.000000, 0.000000, 0.000000, 1.000000)
Left_Leg_k4_HumanoidRootPart_Torso_Left_Leg.Parent = Torso_k4_HumanoidRootPart_Torso



--Right Arm
Right_Arm_k4_HumanoidRootPart_Torso_Right_Arm = Instance.new("Pose")
Right_Arm_k4_HumanoidRootPart_Torso_Right_Arm.Name = "Right Arm"
Right_Arm_k4_HumanoidRootPart_Torso_Right_Arm.CFrame = cf(0.104897, -0.131023, 0.011048, 0.917097, -0.060356, 0.394068, 0.073302, 0.997150, -0.017866, -0.391867, 0.045270, 0.918907)
Right_Arm_k4_HumanoidRootPart_Torso_Right_Arm.Parent = Torso_k4_HumanoidRootPart_Torso



--Right Leg
Right_Leg_k4_HumanoidRootPart_Torso_Right_Leg = Instance.new("Pose")
Right_Leg_k4_HumanoidRootPart_Torso_Right_Leg.Name = "Right Leg"
Right_Leg_k4_HumanoidRootPart_Torso_Right_Leg.CFrame = cf(-0.050232, -0.296031, 0.000000, 0.847387, 0.530976, 0.000000, -0.530976, 0.847387, 0.000000, 0.000000, 0.000000, 1.000000)
Right_Leg_k4_HumanoidRootPart_Torso_Right_Leg.Parent = Torso_k4_HumanoidRootPart_Torso



--Left Arm
Left_Arm_k4_HumanoidRootPart_Torso_Left_Arm = Instance.new("Pose")
Left_Arm_k4_HumanoidRootPart_Torso_Left_Arm.Name = "Left Arm"
Left_Arm_k4_HumanoidRootPart_Torso_Left_Arm.CFrame = cf(0.053739, -0.090102, 0.036625, 0.870868, -0.091189, 0.482984, 0.059339, 0.994958, 0.080858, -0.487922, -0.041757, 0.871888)
Left_Arm_k4_HumanoidRootPart_Torso_Left_Arm.Parent = Torso_k4_HumanoidRootPart_Torso



-- Keyframe 5 (Time: 0.2666666805744171)
 keyframe5 = Instance.new("Keyframe")
keyframe5.Time = 0.2666666805744171
keyframe5.Parent = KeyframeSequence

--HumanoidRootPart
HumanoidRootPart_k5_HumanoidRootPart = Instance.new("Pose")
HumanoidRootPart_k5_HumanoidRootPart.Name = "HumanoidRootPart"
HumanoidRootPart_k5_HumanoidRootPart.CFrame = cf(0.000000, 0.000000, 0.000000, 1.000000, 0.000000, 0.000000, 0.000000, 1.000000, 0.000000, 0.000000, 0.000000, 1.000000)
HumanoidRootPart_k5_HumanoidRootPart.Parent = keyframe5



--Torso
Torso_k5_HumanoidRootPart_Torso = Instance.new("Pose")
Torso_k5_HumanoidRootPart_Torso.Name = "Torso"
Torso_k5_HumanoidRootPart_Torso.CFrame = cf(0.000000, -0.000487, -0.030291, 1.000000, 0.000000, 0.000000, 0.000000, 0.999890, 0.014808, 0.000000, -0.014808, 0.999890)
Torso_k5_HumanoidRootPart_Torso.Parent = HumanoidRootPart_k5_HumanoidRootPart



--Head
Head_k5_HumanoidRootPart_Torso_Head = Instance.new("Pose")
Head_k5_HumanoidRootPart_Torso_Head.Name = "Head"
Head_k5_HumanoidRootPart_Torso_Head.CFrame = cf(0.000000, 0.000000, -0.000000, 1.000000, 0.000000, 0.000000, 0.000000, 0.999692, -0.024815, 0.000000, 0.024815, 0.999692)
Head_k5_HumanoidRootPart_Torso_Head.Parent = Torso_k5_HumanoidRootPart_Torso



-- Keyframe 6 (Time: 0.3166666626930237)
 keyframe6 = Instance.new("Keyframe")
keyframe6.Time = 0.3166666626930237
keyframe6.Parent = KeyframeSequence

--HumanoidRootPart
HumanoidRootPart_k6_HumanoidRootPart = Instance.new("Pose")
HumanoidRootPart_k6_HumanoidRootPart.Name = "HumanoidRootPart"
HumanoidRootPart_k6_HumanoidRootPart.CFrame = cf(0.000000, 0.000000, 0.000000, 1.000000, 0.000000, 0.000000, 0.000000, 1.000000, 0.000000, 0.000000, 0.000000, 1.000000)
HumanoidRootPart_k6_HumanoidRootPart.Parent = keyframe6



--Torso
Torso_k6_HumanoidRootPart_Torso = Instance.new("Pose")
Torso_k6_HumanoidRootPart_Torso.Name = "Torso"
Torso_k6_HumanoidRootPart_Torso.CFrame = cf(0.000000, -0.000487, -0.030291, 1.000000, 0.000000, 0.000000, 0.000000, 0.999890, 0.014808, 0.000000, -0.014808, 0.999890)
Torso_k6_HumanoidRootPart_Torso.Parent = HumanoidRootPart_k6_HumanoidRootPart



--Left Leg
Left_Leg_k6_HumanoidRootPart_Torso_Left_Leg = Instance.new("Pose")
Left_Leg_k6_HumanoidRootPart_Torso_Left_Leg.Name = "Left Leg"
Left_Leg_k6_HumanoidRootPart_Torso_Left_Leg.CFrame = cf(-0.353654, 0.076473, 0.000000, 0.991442, 0.130545, 0.000000, -0.130545, 0.991442, 0.000000, 0.000000, 0.000000, 1.000000)
Left_Leg_k6_HumanoidRootPart_Torso_Left_Leg.Parent = Torso_k6_HumanoidRootPart_Torso



--Right Arm
Right_Arm_k6_HumanoidRootPart_Torso_Right_Arm = Instance.new("Pose")
Right_Arm_k6_HumanoidRootPart_Torso_Right_Arm.Name = "Right Arm"
Right_Arm_k6_HumanoidRootPart_Torso_Right_Arm.CFrame = cf(0.009190, -0.183295, -0.018794, 0.997261, -0.068075, 0.028903, 0.068977, 0.997122, -0.031459, -0.026678, 0.033367, 0.999087)
Right_Arm_k6_HumanoidRootPart_Torso_Right_Arm.Parent = Torso_k6_HumanoidRootPart_Torso



--Right Leg
Right_Leg_k6_HumanoidRootPart_Torso_Right_Leg = Instance.new("Pose")
Right_Leg_k6_HumanoidRootPart_Torso_Right_Leg.Name = "Right Leg"
Right_Leg_k6_HumanoidRootPart_Torso_Right_Leg.CFrame = cf(0.103106, -0.308997, 0.000000, 0.821382, 0.570379, 0.000000, -0.570379, 0.821382, 0.000000, 0.000000, 0.000000, 1.000000)
Right_Leg_k6_HumanoidRootPart_Torso_Right_Leg.Parent = Torso_k6_HumanoidRootPart_Torso



--Left Arm
Left_Arm_k6_HumanoidRootPart_Torso_Left_Arm = Instance.new("Pose")
Left_Arm_k6_HumanoidRootPart_Torso_Left_Arm.Name = "Left Arm"
Left_Arm_k6_HumanoidRootPart_Torso_Left_Arm.CFrame = cf(0.040664, -0.178648, 0.013915, 0.983238, -0.059144, 0.172468, 0.053254, 0.997835, 0.038584, -0.174377, -0.028753, 0.984259)
Left_Arm_k6_HumanoidRootPart_Torso_Left_Arm.Parent = Torso_k6_HumanoidRootPart_Torso



-- Keyframe 7 (Time: 0.36666667461395264)
 keyframe7 = Instance.new("Keyframe")
keyframe7.Time = 0.36666667461395264
keyframe7.Parent = KeyframeSequence

--HumanoidRootPart
HumanoidRootPart_k7_HumanoidRootPart = Instance.new("Pose")
HumanoidRootPart_k7_HumanoidRootPart.Name = "HumanoidRootPart"
HumanoidRootPart_k7_HumanoidRootPart.CFrame = cf(0.000000, 0.000000, 0.000000, 1.000000, 0.000000, 0.000000, 0.000000, 1.000000, 0.000000, 0.000000, 0.000000, 1.000000)
HumanoidRootPart_k7_HumanoidRootPart.Parent = keyframe7



--Torso
Torso_k7_HumanoidRootPart_Torso = Instance.new("Pose")
Torso_k7_HumanoidRootPart_Torso.Name = "Torso"
Torso_k7_HumanoidRootPart_Torso.CFrame = cf(0.000000, -0.000733, -0.045581, 1.000000, 0.000000, 0.000000, 0.000000, 0.999931, 0.011711, 0.000000, -0.011711, 0.999931)
Torso_k7_HumanoidRootPart_Torso.Parent = HumanoidRootPart_k7_HumanoidRootPart



--Head
Head_k7_HumanoidRootPart_Torso_Head = Instance.new("Pose")
Head_k7_HumanoidRootPart_Torso_Head.Name = "Head"
Head_k7_HumanoidRootPart_Torso_Head.CFrame = cf(0.000000, 0.000000, -0.000000, 1.000000, 0.000000, 0.000000, 0.000000, 0.999975, -0.007098, 0.000000, 0.007098, 0.999975)
Head_k7_HumanoidRootPart_Torso_Head.Parent = Torso_k7_HumanoidRootPart_Torso



--Left Leg
Left_Leg_k7_HumanoidRootPart_Torso_Left_Leg = Instance.new("Pose")
Left_Leg_k7_HumanoidRootPart_Torso_Left_Leg.Name = "Left Leg"
Left_Leg_k7_HumanoidRootPart_Torso_Left_Leg.CFrame = cf(-0.327479, 0.042338, 0.000000, 0.996384, 0.084965, 0.000000, -0.084965, 0.996384, 0.000000, 0.000000, 0.000000, 1.000000)
Left_Leg_k7_HumanoidRootPart_Torso_Left_Leg.Parent = Torso_k7_HumanoidRootPart_Torso



--Right Arm
Right_Arm_k7_HumanoidRootPart_Torso_Right_Arm = Instance.new("Pose")
Right_Arm_k7_HumanoidRootPart_Torso_Right_Arm.Name = "Right Arm"
Right_Arm_k7_HumanoidRootPart_Torso_Right_Arm.CFrame = cf(-0.042499, -0.206616, -0.035219, 0.985692, -0.069034, -0.153769, 0.064289, 0.997295, -0.035623, 0.155812, 0.025228, 0.987464)
Right_Arm_k7_HumanoidRootPart_Torso_Right_Arm.Parent = Torso_k7_HumanoidRootPart_Torso



--Right Leg
Right_Leg_k7_HumanoidRootPart_Torso_Right_Leg = Instance.new("Pose")
Right_Leg_k7_HumanoidRootPart_Torso_Right_Leg.Name = "Right Leg"
Right_Leg_k7_HumanoidRootPart_Torso_Right_Leg.CFrame = cf(0.196251, -0.303726, 0.000000, 0.808658, 0.588279, 0.000000, -0.588279, 0.808658, 0.000000, 0.000000, 0.000000, 1.000000)
Right_Leg_k7_HumanoidRootPart_Torso_Right_Leg.Parent = Torso_k7_HumanoidRootPart_Torso



--Left Arm
Left_Arm_k7_HumanoidRootPart_Torso_Left_Arm = Instance.new("Pose")
Left_Arm_k7_HumanoidRootPart_Torso_Left_Arm.Name = "Left Arm"
Left_Arm_k7_HumanoidRootPart_Torso_Left_Arm.CFrame = cf(0.027745, -0.217247, 0.001997, 0.999054, -0.041397, 0.013336, 0.041083, 0.998891, 0.023015, -0.014274, -0.022446, 0.999646)
Left_Arm_k7_HumanoidRootPart_Torso_Left_Arm.Parent = Torso_k7_HumanoidRootPart_Torso



-- Keyframe 8 (Time: 0.4333333373069763)
 keyframe8 = Instance.new("Keyframe")
keyframe8.Time = 0.4333333373069763
keyframe8.Parent = KeyframeSequence

--HumanoidRootPart
HumanoidRootPart_k8_HumanoidRootPart = Instance.new("Pose")
HumanoidRootPart_k8_HumanoidRootPart.Name = "HumanoidRootPart"
HumanoidRootPart_k8_HumanoidRootPart.CFrame = cf(0.000000, 0.000000, 0.000000, 1.000000, 0.000000, 0.000000, 0.000000, 1.000000, 0.000000, 0.000000, 0.000000, 1.000000)
HumanoidRootPart_k8_HumanoidRootPart.Parent = keyframe8



--Torso
Torso_k8_HumanoidRootPart_Torso = Instance.new("Pose")
Torso_k8_HumanoidRootPart_Torso.Name = "Torso"
Torso_k8_HumanoidRootPart_Torso.CFrame = cf(0.000000, -0.000844, -0.052505, 1.000000, 0.000000, 0.000000, 0.000000, 0.999911, 0.013349, 0.000000, -0.013349, 0.999911)
Torso_k8_HumanoidRootPart_Torso.Parent = HumanoidRootPart_k8_HumanoidRootPart



--Head
Head_k8_HumanoidRootPart_Torso_Head = Instance.new("Pose")
Head_k8_HumanoidRootPart_Torso_Head.Name = "Head"
Head_k8_HumanoidRootPart_Torso_Head.CFrame = cf(0.000000, 0.000000, -0.000000, 1.000000, 0.000000, 0.000000, 0.000000, 0.999979, -0.006403, 0.000000, 0.006403, 0.999979)
Head_k8_HumanoidRootPart_Torso_Head.Parent = Torso_k8_HumanoidRootPart_Torso



-- Keyframe 9 (Time: 0.5)
 keyframe9 = Instance.new("Keyframe")
keyframe9.Time = 0.5
keyframe9.Parent = KeyframeSequence

--HumanoidRootPart
HumanoidRootPart_k9_HumanoidRootPart = Instance.new("Pose")
HumanoidRootPart_k9_HumanoidRootPart.Name = "HumanoidRootPart"
HumanoidRootPart_k9_HumanoidRootPart.CFrame = cf(0.000000, 0.000000, 0.000000, 1.000000, 0.000000, 0.000000, 0.000000, 1.000000, 0.000000, 0.000000, 0.000000, 1.000000)
HumanoidRootPart_k9_HumanoidRootPart.Parent = keyframe9



--Torso
Torso_k9_HumanoidRootPart_Torso = Instance.new("Pose")
Torso_k9_HumanoidRootPart_Torso.Name = "Torso"
Torso_k9_HumanoidRootPart_Torso.CFrame = cf(0.000000, -0.000844, -0.052505, 1.000000, 0.000000, 0.000000, 0.000000, 0.999911, 0.013349, 0.000000, -0.013349, 0.999911)
Torso_k9_HumanoidRootPart_Torso.Parent = HumanoidRootPart_k9_HumanoidRootPart



--Left Leg
Left_Leg_k9_HumanoidRootPart_Torso_Left_Leg = Instance.new("Pose")
Left_Leg_k9_HumanoidRootPart_Torso_Left_Leg.Name = "Left Leg"
Left_Leg_k9_HumanoidRootPart_Torso_Left_Leg.CFrame = cf(-0.132348, 0.025237, 0.000000, 0.999999, 0.001143, 0.000000, -0.001143, 0.999999, 0.000000, 0.000000, 0.000000, 1.000000)
Left_Leg_k9_HumanoidRootPart_Torso_Left_Leg.Parent = Torso_k9_HumanoidRootPart_Torso



--Right Arm
Right_Arm_k9_HumanoidRootPart_Torso_Right_Arm = Instance.new("Pose")
Right_Arm_k9_HumanoidRootPart_Torso_Right_Arm.Name = "Right Arm"
Right_Arm_k9_HumanoidRootPart_Torso_Right_Arm.CFrame = cf(-0.126256, -0.197647, -0.064760, 0.951139, -0.055733, -0.303692, 0.051462, 0.998431, -0.022057, 0.304445, 0.005351, 0.952515)
Right_Arm_k9_HumanoidRootPart_Torso_Right_Arm.Parent = Torso_k9_HumanoidRootPart_Torso



--Right Leg
Right_Leg_k9_HumanoidRootPart_Torso_Right_Leg = Instance.new("Pose")
Right_Leg_k9_HumanoidRootPart_Torso_Right_Leg.Name = "Right Leg"
Right_Leg_k9_HumanoidRootPart_Torso_Right_Leg.CFrame = cf(0.385161, -0.144582, 0.000000, 0.845513, 0.533955, 0.000000, -0.533955, 0.845513, 0.000000, 0.000000, 0.000000, 1.000000)
Right_Leg_k9_HumanoidRootPart_Torso_Right_Leg.Parent = Torso_k9_HumanoidRootPart_Torso



--Left Arm
Left_Arm_k9_HumanoidRootPart_Torso_Left_Arm = Instance.new("Pose")
Left_Arm_k9_HumanoidRootPart_Torso_Left_Arm.Name = "Left Arm"
Left_Arm_k9_HumanoidRootPart_Torso_Left_Arm.CFrame = cf(-0.048963, -0.191981, -0.014018, 0.971838, 0.010684, -0.235408, 0.000074, 0.998958, 0.045644, 0.235650, -0.044376, 0.970824)
Left_Arm_k9_HumanoidRootPart_Torso_Left_Arm.Parent = Torso_k9_HumanoidRootPart_Torso



-- Keyframe 10 (Time: 0.5166666507720947)
 keyframe10 = Instance.new("Keyframe")
keyframe10.Time = 0.5166666507720947
keyframe10.Parent = KeyframeSequence

--HumanoidRootPart
HumanoidRootPart_k10_HumanoidRootPart = Instance.new("Pose")
HumanoidRootPart_k10_HumanoidRootPart.Name = "HumanoidRootPart"
HumanoidRootPart_k10_HumanoidRootPart.CFrame = cf(0.000000, 0.000000, 0.000000, 1.000000, 0.000000, 0.000000, 0.000000, 1.000000, 0.000000, 0.000000, 0.000000, 1.000000)
HumanoidRootPart_k10_HumanoidRootPart.Parent = keyframe10



--Torso
Torso_k10_HumanoidRootPart_Torso = Instance.new("Pose")
Torso_k10_HumanoidRootPart_Torso.Name = "Torso"
Torso_k10_HumanoidRootPart_Torso.CFrame = cf(0.000000, -0.000844, -0.052505, 1.000000, 0.000000, 0.000000, 0.000000, 0.999911, 0.013349, 0.000000, -0.013349, 0.999911)
Torso_k10_HumanoidRootPart_Torso.Parent = HumanoidRootPart_k10_HumanoidRootPart



--Left Leg
Left_Leg_k10_HumanoidRootPart_Torso_Left_Leg = Instance.new("Pose")
Left_Leg_k10_HumanoidRootPart_Torso_Left_Leg.Name = "Left Leg"
Left_Leg_k10_HumanoidRootPart_Torso_Left_Leg.CFrame = cf(-0.087928, 0.026650, 0.000000, 0.999926, -0.012196, 0.000000, 0.012196, 0.999926, 0.000000, 0.000000, 0.000000, 1.000000)
Left_Leg_k10_HumanoidRootPart_Torso_Left_Leg.Parent = Torso_k10_HumanoidRootPart_Torso



--Right Arm
Right_Arm_k10_HumanoidRootPart_Torso_Right_Arm = Instance.new("Pose")
Right_Arm_k10_HumanoidRootPart_Torso_Right_Arm.Name = "Right Arm"
Right_Arm_k10_HumanoidRootPart_Torso_Right_Arm.CFrame = cf(-0.138581, -0.191518, -0.069407, 0.948875, -0.052388, -0.311273, 0.049211, 0.998625, -0.018056, 0.311791, 0.001814, 0.950149)
Right_Arm_k10_HumanoidRootPart_Torso_Right_Arm.Parent = Torso_k10_HumanoidRootPart_Torso



--Right Leg
Right_Leg_k10_HumanoidRootPart_Torso_Right_Leg = Instance.new("Pose")
Right_Leg_k10_HumanoidRootPart_Torso_Right_Leg.Name = "Right Leg"
Right_Leg_k10_HumanoidRootPart_Torso_Right_Leg.CFrame = cf(0.416864, -0.105675, 0.000000, 0.856061, 0.516875, 0.000000, -0.516875, 0.856061, 0.000000, 0.000000, 0.000000, 1.000000)
Right_Leg_k10_HumanoidRootPart_Torso_Right_Leg.Parent = Torso_k10_HumanoidRootPart_Torso



--Left Arm
Left_Arm_k10_HumanoidRootPart_Torso_Left_Arm = Instance.new("Pose")
Left_Arm_k10_HumanoidRootPart_Torso_Left_Arm.Name = "Left Arm"
Left_Arm_k10_HumanoidRootPart_Torso_Left_Arm.CFrame = cf(-0.065986, -0.179231, -0.016036, 0.962605, 0.021495, -0.270053, -0.007070, 0.998501, 0.054275, 0.270815, -0.050336, 0.961314)
Left_Arm_k10_HumanoidRootPart_Torso_Left_Arm.Parent = Torso_k10_HumanoidRootPart_Torso



-- Keyframe 11 (Time: 0.5666666626930237)
 keyframe11 = Instance.new("Keyframe")
keyframe11.Time = 0.5666666626930237
keyframe11.Parent = KeyframeSequence

--HumanoidRootPart
HumanoidRootPart_k11_HumanoidRootPart = Instance.new("Pose")
HumanoidRootPart_k11_HumanoidRootPart.Name = "HumanoidRootPart"
HumanoidRootPart_k11_HumanoidRootPart.CFrame = cf(0.000000, 0.000000, 0.000000, 1.000000, 0.000000, 0.000000, 0.000000, 1.000000, 0.000000, 0.000000, 0.000000, 1.000000)
HumanoidRootPart_k11_HumanoidRootPart.Parent = keyframe11



--Torso
Torso_k11_HumanoidRootPart_Torso = Instance.new("Pose")
Torso_k11_HumanoidRootPart_Torso.Name = "Torso"
Torso_k11_HumanoidRootPart_Torso.CFrame = cf(0.000000, -0.000844, -0.052505, 1.000000, 0.000000, 0.000000, 0.000000, 0.999713, 0.023955, 0.000000, -0.023955, 0.999713)
Torso_k11_HumanoidRootPart_Torso.Parent = HumanoidRootPart_k11_HumanoidRootPart



--Head
Head_k11_HumanoidRootPart_Torso_Head = Instance.new("Pose")
Head_k11_HumanoidRootPart_Torso_Head.Name = "Head"
Head_k11_HumanoidRootPart_Torso_Head.CFrame = cf(0.000000, 0.000000, -0.000000, 1.000000, 0.000000, 0.000000, 0.000000, 0.999951, 0.009884, 0.000000, -0.009884, 0.999951)
Head_k11_HumanoidRootPart_Torso_Head.Parent = Torso_k11_HumanoidRootPart_Torso



-- Keyframe 12 (Time: 0.6333333253860474)
 keyframe12 = Instance.new("Keyframe")
keyframe12.Time = 0.6333333253860474
keyframe12.Parent = KeyframeSequence

--HumanoidRootPart
HumanoidRootPart_k12_HumanoidRootPart = Instance.new("Pose")
HumanoidRootPart_k12_HumanoidRootPart.Name = "HumanoidRootPart"
HumanoidRootPart_k12_HumanoidRootPart.CFrame = cf(0.000000, 0.000000, 0.000000, 1.000000, 0.000000, 0.000000, 0.000000, 1.000000, 0.000000, 0.000000, 0.000000, 1.000000)
HumanoidRootPart_k12_HumanoidRootPart.Parent = keyframe12



--Torso
Torso_k12_HumanoidRootPart_Torso = Instance.new("Pose")
Torso_k12_HumanoidRootPart_Torso.Name = "Torso"
Torso_k12_HumanoidRootPart_Torso.CFrame = cf(0.000000, -0.000844, -0.052505, 1.000000, 0.000000, 0.000000, 0.000000, 0.999713, 0.023955, 0.000000, -0.023955, 0.999713)
Torso_k12_HumanoidRootPart_Torso.Parent = HumanoidRootPart_k12_HumanoidRootPart



--Left Leg
Left_Leg_k12_HumanoidRootPart_Torso_Left_Leg = Instance.new("Pose")
Left_Leg_k12_HumanoidRootPart_Torso_Left_Leg.Name = "Left Leg"
Left_Leg_k12_HumanoidRootPart_Torso_Left_Leg.CFrame = cf(0.116050, -0.008241, 0.000000, 0.991709, -0.128507, 0.000000, 0.128507, 0.991709, 0.000000, 0.000000, 0.000000, 1.000000)
Left_Leg_k12_HumanoidRootPart_Torso_Left_Leg.Parent = Torso_k12_HumanoidRootPart_Torso



--Right Arm
Right_Arm_k12_HumanoidRootPart_Torso_Right_Arm = Instance.new("Pose")
Right_Arm_k12_HumanoidRootPart_Torso_Right_Arm.Name = "Right Arm"
Right_Arm_k12_HumanoidRootPart_Torso_Right_Arm.CFrame = cf(-0.196551, -0.143690, -0.056077, 0.916355, -0.042286, -0.398128, 0.044126, 0.999016, -0.004545, 0.397928, -0.013403, 0.917319)
Right_Arm_k12_HumanoidRootPart_Torso_Right_Arm.Parent = Torso_k12_HumanoidRootPart_Torso



--Right Leg
Right_Leg_k12_HumanoidRootPart_Torso_Right_Leg = Instance.new("Pose")
Right_Leg_k12_HumanoidRootPart_Torso_Right_Leg.Name = "Right Leg"
Right_Leg_k12_HumanoidRootPart_Torso_Right_Leg.CFrame = cf(0.522108, 0.083259, 0.000000, 0.940668, 0.339328, 0.000000, -0.339328, 0.940668, 0.000000, 0.000000, 0.000000, 1.000000)
Right_Leg_k12_HumanoidRootPart_Torso_Right_Leg.Parent = Torso_k12_HumanoidRootPart_Torso



--Left Arm
Left_Arm_k12_HumanoidRootPart_Torso_Left_Arm = Instance.new("Pose")
Left_Arm_k12_HumanoidRootPart_Torso_Left_Arm.Name = "Left Arm"
Left_Arm_k12_HumanoidRootPart_Torso_Left_Arm.CFrame = cf(-0.149230, -0.123345, -0.025109, 0.908376, 0.060407, -0.413768, -0.024638, 0.995523, 0.091249, 0.417428, -0.072694, 0.905798)
Left_Arm_k12_HumanoidRootPart_Torso_Left_Arm.Parent = Torso_k12_HumanoidRootPart_Torso



-- Keyframe 13 (Time: 0.6833333373069763)
 keyframe13 = Instance.new("Keyframe")
keyframe13.Time = 0.6833333373069763
keyframe13.Parent = KeyframeSequence

--HumanoidRootPart
HumanoidRootPart_k13_HumanoidRootPart = Instance.new("Pose")
HumanoidRootPart_k13_HumanoidRootPart.Name = "HumanoidRootPart"
HumanoidRootPart_k13_HumanoidRootPart.CFrame = cf(0.000000, 0.000000, 0.000000, 1.000000, 0.000000, 0.000000, 0.000000, 1.000000, 0.000000, 0.000000, 0.000000, 1.000000)
HumanoidRootPart_k13_HumanoidRootPart.Parent = keyframe13



--Torso
Torso_k13_HumanoidRootPart_Torso = Instance.new("Pose")
Torso_k13_HumanoidRootPart_Torso.Name = "Torso"
Torso_k13_HumanoidRootPart_Torso.CFrame = cf(0.000000, -0.000591, -0.036753, 1.000000, 0.000000, 0.000000, 0.000000, 0.999693, 0.024772, 0.000000, -0.024772, 0.999693)
Torso_k13_HumanoidRootPart_Torso.Parent = HumanoidRootPart_k13_HumanoidRootPart



--Head
Head_k13_HumanoidRootPart_Torso_Head = Instance.new("Pose")
Head_k13_HumanoidRootPart_Torso_Head.Name = "Head"
Head_k13_HumanoidRootPart_Torso_Head.CFrame = cf(0.000000, 0.000000, -0.000000, 1.000000, 0.000000, 0.000000, 0.000000, 0.999975, 0.007048, 0.000000, -0.007048, 0.999975)
Head_k13_HumanoidRootPart_Torso_Head.Parent = Torso_k13_HumanoidRootPart_Torso



-- Keyframe 14 (Time: 0.7333333492279053)
 keyframe14 = Instance.new("Keyframe")
keyframe14.Time = 0.7333333492279053
keyframe14.Parent = KeyframeSequence

--HumanoidRootPart
HumanoidRootPart_k14_HumanoidRootPart = Instance.new("Pose")
HumanoidRootPart_k14_HumanoidRootPart.Name = "HumanoidRootPart"
HumanoidRootPart_k14_HumanoidRootPart.CFrame = cf(0.000000, 0.000000, 0.000000, 1.000000, 0.000000, 0.000000, 0.000000, 1.000000, 0.000000, 0.000000, 0.000000, 1.000000)
HumanoidRootPart_k14_HumanoidRootPart.Parent = keyframe14



--Torso
Torso_k14_HumanoidRootPart_Torso = Instance.new("Pose")
Torso_k14_HumanoidRootPart_Torso.Name = "Torso"
Torso_k14_HumanoidRootPart_Torso.CFrame = cf(0.000000, -0.000591, -0.036753, 1.000000, 0.000000, 0.000000, 0.000000, 0.999693, 0.024772, 0.000000, -0.024772, 0.999693)
Torso_k14_HumanoidRootPart_Torso.Parent = HumanoidRootPart_k14_HumanoidRootPart



--Left Leg
Left_Leg_k14_HumanoidRootPart_Torso_Left_Leg = Instance.new("Pose")
Left_Leg_k14_HumanoidRootPart_Torso_Left_Leg.Name = "Left Leg"
Left_Leg_k14_HumanoidRootPart_Torso_Left_Leg.CFrame = cf(0.194948, -0.129877, 0.000000, 0.949614, -0.313422, 0.000000, 0.313422, 0.949614, 0.000000, 0.000000, 0.000000, 1.000000)
Left_Leg_k14_HumanoidRootPart_Torso_Left_Leg.Parent = Torso_k14_HumanoidRootPart_Torso



--Right Arm
Right_Arm_k14_HumanoidRootPart_Torso_Right_Arm = Instance.new("Pose")
Right_Arm_k14_HumanoidRootPart_Torso_Right_Arm.Name = "Right Arm"
Right_Arm_k14_HumanoidRootPart_Torso_Right_Arm.CFrame = cf(-0.222566, -0.073754, 0.039688, 0.827603, -0.052398, -0.558863, 0.053878, 0.998452, -0.013827, 0.558722, -0.018667, 0.829145)
Right_Arm_k14_HumanoidRootPart_Torso_Right_Arm.Parent = Torso_k14_HumanoidRootPart_Torso



--Right Leg
Right_Leg_k14_HumanoidRootPart_Torso_Right_Leg = Instance.new("Pose")
Right_Leg_k14_HumanoidRootPart_Torso_Right_Leg.Name = "Right Leg"
Right_Leg_k14_HumanoidRootPart_Torso_Right_Leg.CFrame = cf(0.457405, 0.183169, 0.000000, 0.999992, -0.003879, 0.000000, 0.003879, 0.999992, 0.000000, 0.000000, 0.000000, 1.000000)
Right_Leg_k14_HumanoidRootPart_Torso_Right_Leg.Parent = Torso_k14_HumanoidRootPart_Torso



--Left Arm
Left_Arm_k14_HumanoidRootPart_Torso_Left_Arm = Instance.new("Pose")
Left_Arm_k14_HumanoidRootPart_Torso_Left_Arm.Name = "Left Arm"
Left_Arm_k14_HumanoidRootPart_Torso_Left_Arm.CFrame = cf(-0.194675, -0.108685, -0.028124, 0.895139, 0.041937, -0.443810, -0.001501, 0.995843, 0.091074, 0.445784, -0.080858, 0.891481)
Left_Arm_k14_HumanoidRootPart_Torso_Left_Arm.Parent = Torso_k14_HumanoidRootPart_Torso



-- Keyframe 15 (Time: 0.75)
 keyframe15 = Instance.new("Keyframe")
keyframe15.Time = 0.75
keyframe15.Parent = KeyframeSequence

--HumanoidRootPart
HumanoidRootPart_k15_HumanoidRootPart = Instance.new("Pose")
HumanoidRootPart_k15_HumanoidRootPart.Name = "HumanoidRootPart"
HumanoidRootPart_k15_HumanoidRootPart.CFrame = cf(0.000000, 0.000000, 0.000000, 1.000000, 0.000000, 0.000000, 0.000000, 1.000000, 0.000000, 0.000000, 0.000000, 1.000000)
HumanoidRootPart_k15_HumanoidRootPart.Parent = keyframe15



--Torso
Torso_k15_HumanoidRootPart_Torso = Instance.new("Pose")
Torso_k15_HumanoidRootPart_Torso.Name = "Torso"
Torso_k15_HumanoidRootPart_Torso.CFrame = cf(0.000000, -0.000253, -0.015751, 1.000000, 0.000000, 0.000000, 0.000000, 0.999804, 0.019803, 0.000000, -0.019803, 0.999804)
Torso_k15_HumanoidRootPart_Torso.Parent = HumanoidRootPart_k15_HumanoidRootPart



--Head
Head_k15_HumanoidRootPart_Torso_Head = Instance.new("Pose")
Head_k15_HumanoidRootPart_Torso_Head.Name = "Head"
Head_k15_HumanoidRootPart_Torso_Head.CFrame = cf(0.000000, 0.000000, -0.000000, 1.000000, 0.000000, 0.000000, 0.000000, 0.999982, -0.006042, 0.000000, 0.006042, 0.999982)
Head_k15_HumanoidRootPart_Torso_Head.Parent = Torso_k15_HumanoidRootPart_Torso



-- Keyframe 16 (Time: 0.8166666626930237)
 keyframe16 = Instance.new("Keyframe")
keyframe16.Time = 0.8166666626930237
keyframe16.Parent = KeyframeSequence

--HumanoidRootPart
HumanoidRootPart_k16_HumanoidRootPart = Instance.new("Pose")
HumanoidRootPart_k16_HumanoidRootPart.Name = "HumanoidRootPart"
HumanoidRootPart_k16_HumanoidRootPart.CFrame = cf(0.000000, 0.000000, 0.000000, 1.000000, 0.000000, 0.000000, 0.000000, 1.000000, 0.000000, 0.000000, 0.000000, 1.000000)
HumanoidRootPart_k16_HumanoidRootPart.Parent = keyframe16



--Torso
Torso_k16_HumanoidRootPart_Torso = Instance.new("Pose")
Torso_k16_HumanoidRootPart_Torso.Name = "Torso"
Torso_k16_HumanoidRootPart_Torso.CFrame = cf(0.000000, -0.000253, -0.015751, 1.000000, 0.000000, 0.000000, 0.000000, 0.999804, 0.019803, 0.000000, -0.019803, 0.999804)
Torso_k16_HumanoidRootPart_Torso.Parent = HumanoidRootPart_k16_HumanoidRootPart



--Left Leg
Left_Leg_k16_HumanoidRootPart_Torso_Left_Leg = Instance.new("Pose")
Left_Leg_k16_HumanoidRootPart_Torso_Left_Leg.Name = "Left Leg"
Left_Leg_k16_HumanoidRootPart_Torso_Left_Leg.CFrame = cf(0.155518, -0.214570, 0.000000, 0.905655, -0.424016, 0.000000, 0.424016, 0.905655, 0.000000, 0.000000, 0.000000, 1.000000)
Left_Leg_k16_HumanoidRootPart_Torso_Left_Leg.Parent = Torso_k16_HumanoidRootPart_Torso



--Right Arm
Right_Arm_k16_HumanoidRootPart_Torso_Right_Arm = Instance.new("Pose")
Right_Arm_k16_HumanoidRootPart_Torso_Right_Arm.Name = "Right Arm"
Right_Arm_k16_HumanoidRootPart_Torso_Right_Arm.CFrame = cf(-0.194250, -0.060547, 0.100594, 0.800091, -0.051372, -0.597675, 0.048520, 0.998604, -0.020882, 0.597914, -0.012292, 0.801466)
Right_Arm_k16_HumanoidRootPart_Torso_Right_Arm.Parent = Torso_k16_HumanoidRootPart_Torso



--Right Leg
Right_Leg_k16_HumanoidRootPart_Torso_Right_Leg = Instance.new("Pose")
Right_Leg_k16_HumanoidRootPart_Torso_Right_Leg.Name = "Right Leg"
Right_Leg_k16_HumanoidRootPart_Torso_Right_Leg.CFrame = cf(0.399798, 0.182789, 0.000000, 0.987585, -0.157088, 0.000000, 0.157088, 0.987585, 0.000000, 0.000000, 0.000000, 1.000000)
Right_Leg_k16_HumanoidRootPart_Torso_Right_Leg.Parent = Torso_k16_HumanoidRootPart_Torso



--Left Arm
Left_Arm_k16_HumanoidRootPart_Torso_Left_Arm = Instance.new("Pose")
Left_Arm_k16_HumanoidRootPart_Torso_Left_Arm.Name = "Left Arm"
Left_Arm_k16_HumanoidRootPart_Torso_Left_Arm.CFrame = cf(-0.175222, -0.120422, -0.032974, 0.929840, 0.016782, -0.367581, 0.015575, 0.996269, 0.084884, 0.367634, -0.084653, 0.926110)
Left_Arm_k16_HumanoidRootPart_Torso_Left_Arm.Parent = Torso_k16_HumanoidRootPart_Torso



-- Keyframe 17 (Time: 0.8666666746139526)
 keyframe17 = Instance.new("Keyframe")
keyframe17.Time = 0.8666666746139526
keyframe17.Parent = KeyframeSequence

--HumanoidRootPart
HumanoidRootPart_k17_HumanoidRootPart = Instance.new("Pose")
HumanoidRootPart_k17_HumanoidRootPart.Name = "HumanoidRootPart"
HumanoidRootPart_k17_HumanoidRootPart.CFrame = cf(0.000000, 0.000000, 0.000000, 1.000000, 0.000000, 0.000000, 0.000000, 1.000000, 0.000000, 0.000000, 0.000000, 1.000000)
HumanoidRootPart_k17_HumanoidRootPart.Parent = keyframe17



--Torso
Torso_k17_HumanoidRootPart_Torso = Instance.new("Pose")
Torso_k17_HumanoidRootPart_Torso.Name = "Torso"
Torso_k17_HumanoidRootPart_Torso.CFrame = cf(0.000000, -0.000195, -0.012116, 1.000000, 0.000000, 0.000000, 0.000000, 0.999896, 0.014398, 0.000000, -0.014398, 0.999896)
Torso_k17_HumanoidRootPart_Torso.Parent = HumanoidRootPart_k17_HumanoidRootPart



--Head
Head_k17_HumanoidRootPart_Torso_Head = Instance.new("Pose")
Head_k17_HumanoidRootPart_Torso_Head.Name = "Head"
Head_k17_HumanoidRootPart_Torso_Head.CFrame = cf(0.000000, 0.000000, -0.000000, 1.000000, 0.000000, 0.000000, 0.000000, 0.999635, -0.026999, 0.000000, 0.026999, 0.999635)
Head_k17_HumanoidRootPart_Torso_Head.Parent = Torso_k17_HumanoidRootPart_Torso



-- Keyframe 18 (Time: 0.9166666865348816)
 keyframe18 = Instance.new("Keyframe")
keyframe18.Time = 0.9166666865348816
keyframe18.Parent = KeyframeSequence

--HumanoidRootPart
HumanoidRootPart_k18_HumanoidRootPart = Instance.new("Pose")
HumanoidRootPart_k18_HumanoidRootPart.Name = "HumanoidRootPart"
HumanoidRootPart_k18_HumanoidRootPart.CFrame = cf(0.000000, 0.000000, 0.000000, 1.000000, 0.000000, 0.000000, 0.000000, 1.000000, 0.000000, 0.000000, 0.000000, 1.000000)
HumanoidRootPart_k18_HumanoidRootPart.Parent = keyframe18



--Torso
Torso_k18_HumanoidRootPart_Torso = Instance.new("Pose")
Torso_k18_HumanoidRootPart_Torso.Name = "Torso"
Torso_k18_HumanoidRootPart_Torso.CFrame = cf(0.000000, -0.000195, -0.012116, 1.000000, 0.000000, 0.000000, 0.000000, 0.999896, 0.014398, 0.000000, -0.014398, 0.999896)
Torso_k18_HumanoidRootPart_Torso.Parent = HumanoidRootPart_k18_HumanoidRootPart



--Left Leg
Left_Leg_k18_HumanoidRootPart_Torso_Left_Leg = Instance.new("Pose")
Left_Leg_k18_HumanoidRootPart_Torso_Left_Leg.Name = "Left Leg"
Left_Leg_k18_HumanoidRootPart_Torso_Left_Leg.CFrame = cf(0.020870, -0.303642, 0.000000, 0.842681, -0.538413, 0.000000, 0.538413, 0.842681, 0.000000, 0.000000, 0.000000, 1.000000)
Left_Leg_k18_HumanoidRootPart_Torso_Left_Leg.Parent = Torso_k18_HumanoidRootPart_Torso



--Right Arm
Right_Arm_k18_HumanoidRootPart_Torso_Right_Arm = Instance.new("Pose")
Right_Arm_k18_HumanoidRootPart_Torso_Right_Arm.Name = "Right Arm"
Right_Arm_k18_HumanoidRootPart_Torso_Right_Arm.CFrame = cf(-0.099264, -0.101915, 0.146331, 0.849577, -0.026584, -0.526794, 0.018159, 0.999611, -0.021158, 0.527152, 0.008410, 0.849729)
Right_Arm_k18_HumanoidRootPart_Torso_Right_Arm.Parent = Torso_k18_HumanoidRootPart_Torso



--Right Leg
Right_Leg_k18_HumanoidRootPart_Torso_Right_Leg = Instance.new("Pose")
Right_Leg_k18_HumanoidRootPart_Torso_Right_Leg.Name = "Right Leg"
Right_Leg_k18_HumanoidRootPart_Torso_Right_Leg.CFrame = cf(0.376657, 0.126250, 0.000000, 0.981490, -0.191512, 0.000000, 0.191512, 0.981490, 0.000000, 0.000000, 0.000000, 1.000000)
Right_Leg_k18_HumanoidRootPart_Torso_Right_Leg.Parent = Torso_k18_HumanoidRootPart_Torso



--Left Arm
Left_Arm_k18_HumanoidRootPart_Torso_Left_Arm = Instance.new("Pose")
Left_Arm_k18_HumanoidRootPart_Torso_Left_Arm.Name = "Left Arm"
Left_Arm_k18_HumanoidRootPart_Torso_Left_Arm.CFrame = cf(-0.090317, -0.149681, -0.047540, 0.988320, -0.011345, -0.151967, 0.024764, 0.995927, 0.086699, 0.150365, -0.089450, 0.984576)
Left_Arm_k18_HumanoidRootPart_Torso_Left_Arm.Parent = Torso_k18_HumanoidRootPart_Torso



-- Keyframe 19 (Time: 0.9333333373069763)
 keyframe19 = Instance.new("Keyframe")
keyframe19.Time = 0.9333333373069763
keyframe19.Parent = KeyframeSequence

--HumanoidRootPart
HumanoidRootPart_k19_HumanoidRootPart = Instance.new("Pose")
HumanoidRootPart_k19_HumanoidRootPart.Name = "HumanoidRootPart"
